1	0.013328924162257498	0.09444444444444444
2	0.0243231922398589	0.08611111111111111
3	0.03973515624573417	0.09629629629629635
4	0.05406756766147891	0.1
5	0.08906000293900189	0.13222222222222205
6	0.11135402551811217	0.13796296296296298
7	0.12772565769856786	0.1357142857142856
8	0.14074344181026324	0.13125
9	0.1545950323040106	0.12839506172839485
10	0.17299470362034858	0.12888888888888886
11	0.18573099510664012	0.1262626262626264
12	0.19405551009782165	0.12129629629629637
13	0.20422546360110852	0.11794871794871777
14	0.21083701562932725	0.11309523809523804
15	0.22046003150234314	0.10999999999999986
16	0.22795307857872354	0.10659722222222222
17	0.2323115441871891	0.10228758169934624
18	0.2417626023882473	0.10030864197530855
19	0.25240592998332934	0.0997076023391812
20	0.25578135085875026	0.09611111111111113
