1	0.018685727852394515	0.13333333333333333
2	0.033024552607885935	0.11388888888888889
3	0.05276848151848152	0.12222222222222225
4	0.06570278486945152	0.11527777777777778
5	0.1163879330545997	0.16555555555555534
6	0.14324625991292653	0.1703703703703704
7	0.16436404644737973	0.1690476190476189
8	0.17803047261380592	0.16111111111111112
9	0.19538496996830332	0.15679012345678983
10	0.21107500524167194	0.15222222222222226
11	0.22397389647389648	0.14797979797979813
12	0.23508246383246384	0.14259259259259263
13	0.24742814284480943	0.13846153846153822
14	0.2556736935903602	0.1329365079365079
15	0.26015561598894926	0.12666666666666648
16	0.266901647734981	0.121875
17	0.27766884350217685	0.11928104575163379
18	0.28744618036284697	0.11635802469135802
19	0.29271513979847313	0.1125730994152046
20	0.2990954107620774	0.1094444444444445
