1	0.019078544911878242	0.15
2	0.03327353202353203	0.125
3	0.04794751544751543	0.12222222222222216
4	0.06663017538017535	0.12916666666666668
5	0.11134658551325219	0.16888888888888862
6	0.136470304386971	0.17407407407407413
7	0.15473515681849007	0.16825396825396802
8	0.16672615964282622	0.1597222222222222
9	0.18326762743429398	0.15679012345678983
10	0.20203512536845863	0.15555555555555567
11	0.21367906784573454	0.15000000000000013
12	0.22348285973285972	0.14351851851851857
13	0.23250662917329576	0.13803418803418785
14	0.24431218472885136	0.13452380952380966
15	0.2569749848916515	0.13148148148148134
16	0.27033443408443414	0.12986111111111112
17	0.2777201964701966	0.12581699346405206
18	0.2845942945942947	0.12191358024691361
19	0.29208587708587724	0.11871345029239765
20	0.30033549783549807	0.11583333333333326
