1	0.020380977047643713	0.16111111111111112
2	0.03688801167967834	0.14444444444444443
3	0.04703006869673536	0.12407407407407404
4	0.062495637078970406	0.12083333333333333
5	0.1034873228623228	0.162222222222222
6	0.13235186110186106	0.17222222222222228
7	0.15891838100171432	0.17698412698412674
8	0.17258300341633667	0.16875
9	0.18916134791134792	0.16358024691357995
10	0.2038424846758182	0.1583333333333334
11	0.21478116019782698	0.15202020202020203
12	0.22096542346542355	0.14351851851851843
13	0.22834677668011005	0.13717948717948694
14	0.23997085476252136	0.1341269841269842
15	0.25187802166968826	0.13111111111111093
16	0.25824526553693217	0.12604166666666666
17	0.268062485354152	0.12320261437908472
18	0.2774167422084089	0.12037037037037038
19	0.2843369362119362	0.11666666666666663
20	0.2936316692566692	0.11416666666666671
