1	0.019078544911878242	0.15
2	0.03327353202353203	0.125
3	0.04794751544751543	0.12222222222222216
4	0.06663017538017535	0.12916666666666668
5	0.06663017538017535	0.10333333333333322
6	0.06663017538017535	0.08611111111111105
7	0.06663017538017535	0.0738095238095238
8	0.06663017538017535	0.06458333333333334
9	0.11134658551325219	0.09382716049382699
10	0.136470304386971	0.10444444444444442
11	0.15473515681849007	0.10707070707070718
12	0.16672615964282622	0.10648148148148145
13	0.18326762743429398	0.10854700854700838
14	0.20203512536845863	0.11111111111111115
15	0.21367906784573454	0.10999999999999986
16	0.22348285973285972	0.1076388888888889
17	0.23250662917329576	0.10555555555555536
18	0.24431218472885136	0.10462962962962956
19	0.2569749848916515	0.1038011695906432
20	0.27033443408443414	0.10388888888888892
