1	0.02688977144859497	0.2
2	0.0426739712433727	0.15833333333333333
3	0.06014622608404854	0.15370370370370362
4	0.0745405454538581	0.14444444444444443
5	0.0745405454538581	0.11555555555555544
6	0.0745405454538581	0.09629629629629627
7	0.0745405454538581	0.08253968253968252
8	0.0745405454538581	0.07222222222222222
9	0.11444647999537061	0.09938271604938258
10	0.13803846387244217	0.10777777777777776
11	0.16101732143463302	0.11464646464646473
12	0.1746174096180545	0.11296296296296297
13	0.1896371121377571	0.11324786324786304
14	0.2061178430702424	0.11507936507936506
15	0.21787676316249593	0.11296296296296279
16	0.22575154270394215	0.10972222222222222
17	0.23274248386154994	0.1065359477124181
18	0.24384243329483274	0.10493827160493821
19	0.2515693668550995	0.10263157894736834
20	0.25881990952230877	0.10027777777777788
