1	0.016821678565099616	0.1388888888888889
2	0.029683292260046644	0.11944444444444445
3	0.04421578137586909	0.11481481481481476
4	0.06454486587162026	0.125
5	0.06454486587162026	0.0999999999999999
6	0.06454486587162026	0.08333333333333326
7	0.06454486587162026	0.07142857142857141
8	0.06454486587162026	0.0625
9	0.10346517111867984	0.08888888888888871
10	0.1314699441234528	0.10111111111111103
11	0.1561565538100625	0.10858585858585873
12	0.1710044990746744	0.1097222222222223
13	0.184665637319146	0.10982905982905966
14	0.1930401794436882	0.10674603174603167
15	0.20567184277710587	0.10629629629629618
16	0.22070616517984937	0.10694444444444444
17	0.23269249674951428	0.10555555555555533
18	0.2473662797566307	0.10586419753086407
19	0.2578294431364608	0.10467836257309936
20	0.2635020421423931	0.10194444444444449
