1	0.022402096360429693	0.19444444444444445
2	0.03433551787718456	0.14444444444444443
3	0.053014587990078174	0.14814814814814803
4	0.07215319629535309	0.14722222222222223
5	0.07215319629535309	0.11777777777777762
6	0.07215319629535309	0.09814814814814811
7	0.07215319629535309	0.08412698412698406
8	0.07215319629535309	0.07361111111111111
9	0.10963008895606934	0.09876543209876527
10	0.13350412613893003	0.1077777777777778
11	0.15858009126713973	0.11616161616161624
12	0.18046026356397868	0.12083333333333325
13	0.19692687248156787	0.1217948717948716
14	0.21278762438398655	0.12222222222222225
15	0.22224381089899656	0.11962962962962946
16	0.23166186198371427	0.11701388888888889
17	0.24614871227938814	0.11732026143790826
18	0.25313270051337644	0.11388888888888885
19	0.2610402096708856	0.11111111111111105
20	0.26781069227470156	0.10805555555555565
