1	0.01951298701298701	0.13333333333333333
2	0.031278860028860024	0.1111111111111111
3	0.04415804874138207	0.10925925925925926
4	0.058105037663861187	0.1111111111111111
5	0.058105037663861187	0.08888888888888881
6	0.058105037663861187	0.07407407407407403
7	0.058105037663861187	0.0634920634920635
8	0.058105037663861187	0.05555555555555555
9	0.09727651433533778	0.0827160493827159
10	0.1219355227198364	0.0927777777777777
11	0.14264800468231836	0.0989898989898991
12	0.16075226153657518	0.10231481481481482
13	0.1780016579281285	0.10470085470085455
14	0.19321810814457877	0.10555555555555547
15	0.20433635173831258	0.10370370370370358
16	0.21462126199871306	0.10208333333333333
17	0.22895106799518566	0.10196078431372531
18	0.23937266255893708	0.10092592592592584
19	0.24695884181178296	0.09883040935672503
20	0.258698978944077	0.09888888888888897
