1	0.020380977047643713	0.16111111111111112
2	0.03688801167967834	0.14444444444444443
3	0.04703006869673536	0.12407407407407404
4	0.062495637078970406	0.12083333333333333
5	0.062495637078970406	0.09666666666666654
6	0.062495637078970406	0.08055555555555549
7	0.062495637078970406	0.06904761904761902
8	0.062495637078970406	0.06041666666666667
9	0.1034873228623228	0.09012345679012332
10	0.13235186110186106	0.10333333333333325
11	0.15891838100171432	0.11262626262626271
12	0.17258300341633667	0.11249999999999998
13	0.18916134791134792	0.11324786324786308
14	0.2038424846758182	0.11309523809523812
15	0.21478116019782698	0.11148148148148138
16	0.22096542346542355	0.1076388888888889
17	0.22834677668011005	0.10490196078431353
18	0.23997085476252136	0.1043209876543209
19	0.25187802166968826	0.10350877192982447
20	0.25824526553693217	0.10083333333333339
