1	0.014736050986050984	0.1111111111111111
2	0.028527598944265615	0.10555555555555556
3	0.047275394358727706	0.11481481481481483
4	0.06074451011951013	0.1111111111111111
5	0.06074451011951013	0.08888888888888882
6	0.06074451011951013	0.07407407407407406
7	0.06074451011951013	0.06349206349206352
8	0.06074451011951013	0.05555555555555555
9	0.08721464719013737	0.07098765432098755
10	0.10674877818260166	0.0777777777777777
11	0.12781451255715956	0.08484848484848498
12	0.1462814237324041	0.08888888888888895
13	0.16198929610694313	0.09145299145299132
14	0.17215945002709704	0.09007936507936498
15	0.18420199852797892	0.0899999999999999
16	0.19290369806301172	0.08854166666666667
17	0.2064207751217554	0.08954248366013054
18	0.2147982001658471	0.0879629629629628
19	0.224673502332816	0.08742690058479517
20	0.23572088088019466	0.08694444444444452
