1	0.013328924162257498	0.09444444444444444
2	0.0243231922398589	0.08611111111111111
3	0.03973515624573417	0.09629629629629635
4	0.05406756766147891	0.1
5	0.05406756766147891	0.07999999999999992
6	0.05406756766147891	0.06666666666666664
7	0.05406756766147891	0.057142857142857155
8	0.05406756766147891	0.05
9	0.08906000293900189	0.07345679012345667
10	0.11135402551811217	0.08277777777777767
11	0.12772565769856786	0.08636363636363648
12	0.14074344181026324	0.08750000000000002
13	0.1545950323040106	0.08888888888888878
14	0.17299470362034858	0.09206349206349199
15	0.18573099510664012	0.0925925925925925
16	0.19405551009782165	0.09097222222222222
17	0.20422546360110852	0.09019607843137242
18	0.21083701562932725	0.08796296296296285
19	0.22046003150234314	0.08684210526315779
20	0.22795307857872354	0.0852777777777778
