1	0.008701499118165784	0.06666666666666667
2	0.017810846560846562	0.06666666666666667
3	0.029021164021164027	0.0703703703703704
4	0.04636924803591471	0.08472222222222223
5	0.04636924803591471	0.06777777777777776
6	0.04636924803591471	0.05648148148148148
7	0.04636924803591471	0.048412698412698435
8	0.04636924803591471	0.04236111111111111
9	0.08743686868686863	0.07037037037037026
10	0.11126533189033186	0.08111111111111101
11	0.1314696568863236	0.08787878787878799
12	0.14702100368767035	0.09027777777777783
13	0.16050464967131634	0.09145299145299135
14	0.1699535032868366	0.09007936507936501
15	0.18092813051146378	0.08962962962962957
16	0.1963275613275614	0.09166666666666666
17	0.20701669472502815	0.09117647058823515
18	0.2219066658649993	0.0919753086419752
19	0.23270252124418805	0.09122807017543849
20	0.2420700056116724	0.09000000000000005
