1	0.018685727852394515	0.13333333333333333
2	0.033024552607885935	0.11388888888888889
3	0.05276848151848152	0.12222222222222225
4	0.06570278486945152	0.11527777777777778
5	0.06570278486945152	0.09222222222222215
6	0.06570278486945152	0.07685185185185181
7	0.06570278486945152	0.06587301587301586
8	0.06570278486945152	0.05763888888888889
9	0.1163879330545997	0.09197530864197516
10	0.14324625991292653	0.10222222222222217
11	0.16436404644737973	0.10757575757575767
12	0.17803047261380592	0.10740740740740742
13	0.19538496996830332	0.10854700854700838
14	0.21107500524167194	0.10873015873015868
15	0.22397389647389648	0.10851851851851838
16	0.23508246383246384	0.10694444444444444
17	0.24742814284480943	0.10588235294117627
18	0.2556736935903602	0.10339506172839497
19	0.26015561598894926	0.0999999999999999
20	0.266901647734981	0.09750000000000004
