1	0.013328924162257498	0.09444444444444444
2	0.0243231922398589	0.08611111111111111
3	0.043090828924162265	0.10370370370370373
4	0.06875766695942133	0.12638888888888888
5	0.08554256902941111	0.12666666666666657
6	0.09561671272197586	0.11759259259259258
7	0.1015955487008118	0.10714285714285712
8	0.11195948487357153	0.10347222222222222
9	0.12753267711343044	0.10493827160493811
10	0.1358838475479342	0.10111111111111105
11	0.1408133008107208	0.09545454545454553
12	0.15063184646259975	0.09444444444444444
13	0.1586988257795791	0.09230769230769222
14	0.17116355241097242	0.09206349206349197
15	0.18005685047093714	0.09037037037037031
16	0.1849929174903375	0.08715277777777777
17	0.19020676228751562	0.08431372549019595
18	0.19448806740215407	0.08148148148148136
19	0.20138387221462548	0.08011695906432739
20	0.21027723194131853	0.08000000000000006
