1	0.02688977144859497	0.2
2	0.0426739712433727	0.15833333333333333
3	0.07186524009472922	0.18148148148148138
4	0.10295461311134682	0.19444444444444445
5	0.11877030976037686	0.1788888888888887
6	0.13439271691787172	0.16851851851851854
7	0.14710326741350993	0.15952380952380932
8	0.1564132321401413	0.1486111111111111
9	0.16732178346535928	0.14197530864197505
10	0.17300506623197534	0.13222222222222232
11	0.1878988138863009	0.13080808080808087
12	0.19914660930076308	0.1263888888888888
13	0.20565675039423748	0.12051282051282032
14	0.2182824525787631	0.11944444444444446
15	0.224461767091411	0.11444444444444432
16	0.23526469872767594	0.1125
17	0.24204584423431166	0.10915032679738539
18	0.24770132528194952	0.10586419753086411
19	0.2584674313331433	0.10497076023391805
20	0.26712924791162657	0.10305555555555564
