1	0.019078544911878242	0.15
2	0.03327353202353203	0.125
3	0.06251140834474166	0.15925925925925916
4	0.08632065465398796	0.16666666666666666
5	0.10608262108262106	0.16222222222222207
6	0.1279374791874792	0.16388888888888895
7	0.14462218337218338	0.15873015873015858
8	0.15567858067858067	0.15
9	0.16796513671513671	0.14320987654320966
10	0.17691066649399984	0.13611111111111118
11	0.186557593640927	0.1303030303030304
12	0.19395790937457597	0.12453703703703704
13	0.20747849372849358	0.12264957264957245
14	0.21261116969450297	0.11706349206349205
15	0.22466329966329956	0.11518518518518503
16	0.22954645662978987	0.11006944444444444
17	0.2340925124258457	0.10588235294117629
18	0.24150198566865236	0.10339506172839504
19	0.24981768231768237	0.10116959064327477
20	0.2588361638361638	0.09972222222222232
