1	0.020380977047643713	0.16111111111111112
2	0.03688801167967834	0.14444444444444443
3	0.06866667283333949	0.17962962962962953
4	0.100677355052355	0.19444444444444445
5	0.12115394636227962	0.1855555555555553
6	0.13474748245581572	0.17314814814814816
7	0.14610350297850294	0.16031746031746016
8	0.15577081097914428	0.14930555555555555
9	0.16602493956660616	0.14259259259259235
10	0.1764638525055191	0.13666666666666677
11	0.18430466138799467	0.12979797979797988
12	0.19236172007005345	0.12453703703703703
13	0.1990153596403597	0.11923076923076906
14	0.2032480251230252	0.11349206349206355
15	0.2072627758044425	0.10814814814814804
16	0.2143046228462896	0.10486111111111111
17	0.21986498840665517	0.1016339869281044
18	0.22612400716567388	0.09845679012345669
19	0.23150760504927181	0.09561403508771919
20	0.23876510064010076	0.0933333333333334
