1	0.014736050986050984	0.1111111111111111
2	0.028527598944265615	0.10555555555555556
3	0.048965589149412694	0.12222222222222216
4	0.07332666017715034	0.13333333333333333
5	0.0897752732924301	0.12999999999999987
6	0.09996947723663406	0.12037037037037038
7	0.10998236558285569	0.11349206349206337
8	0.1177888029726264	0.10694444444444444
9	0.127475931385245	0.10370370370370353
10	0.13749617348882046	0.10055555555555547
11	0.14983984833249533	0.0989898989898991
12	0.15867181883113252	0.0962962962962963
13	0.16670753311684677	0.09316239316239303
14	0.17881772231036933	0.09285714285714278
15	0.18481680039278078	0.0899999999999999
16	0.19314812955744334	0.08854166666666667
17	0.19788598429529813	0.08562091503267957
18	0.20589544397142445	0.0842592592592591
19	0.2114249453342591	0.08216374269005834
20	0.21397364663296037	0.07916666666666669
