1	0.018685727852394515	0.13333333333333333
2	0.033024552607885935	0.11388888888888889
3	0.06927495344162012	0.1611111111111111
4	0.10232802691136023	0.18194444444444444
5	0.11468052009718677	0.16333333333333322
6	0.13206147247813915	0.15648148148148155
7	0.14718052009718674	0.1484126984126983
8	0.15940681232347895	0.14027777777777778
9	0.1706391756391756	0.1327160493827158
10	0.18104722438055773	0.12722222222222218
11	0.18890657182323847	0.1207070707070708
12	0.20076724201724194	0.11805555555555554
13	0.21499784166450833	0.11623931623931605
14	0.22589697339697332	0.11388888888888887
15	0.22827538202538197	0.10777777777777765
16	0.23353077478077475	0.10347222222222222
17	0.24081492581492572	0.10032679738562071
18	0.24672321505654837	0.09753086419753075
19	0.24923644256977587	0.09327485380116948
20	0.256379299712633	0.09111111111111113
