1	0.008701499118165784	0.06666666666666667
2	0.017810846560846562	0.06666666666666667
3	0.04784080888247554	0.11296296296296296
4	0.07300655363155362	0.12916666666666668
5	0.090090087381754	0.12777777777777763
6	0.1054760902677569	0.12407407407407404
7	0.11871061808561802	0.11984126984126973
8	0.12899741462241457	0.11388888888888889
9	0.13831860269360266	0.10864197530864181
10	0.14539532227032223	0.1027777777777777
11	0.1546569865319865	0.09949494949494958
12	0.16046847442680776	0.09490740740740745
13	0.17068011463844798	0.09358974358974351
14	0.17642305996472668	0.09007936507936505
15	0.18221250200416875	0.08703703703703702
16	0.18991091470258145	0.08541666666666667
17	0.19796446608946608	0.08431372549019593
18	0.20934253246753248	0.08425925925925912
19	0.2152442079525413	0.08216374269005841
20	0.2236602132435465	0.0808333333333333
