1	0.01951298701298701	0.13333333333333333
2	0.031278860028860024	0.1111111111111111
3	0.06370650953984282	0.15555555555555534
4	0.0916608545775212	0.16805555555555557
5	0.10720799262465922	0.15888888888888875
6	0.123389511722845	0.15185185185185193
7	0.13484305273520955	0.14444444444444432
8	0.15008335255884267	0.14097222222222222
9	0.16073150070699083	0.1345679012345677
10	0.16858864356413364	0.12722222222222224
11	0.17555785717550418	0.12121212121212128
12	0.18466520044951412	0.11712962962962968
13	0.19385683669997392	0.11367521367521352
14	0.20641687923550664	0.11230158730158729
15	0.2110295913237089	0.10740740740740734
16	0.21676592289337385	0.10347222222222222
17	0.22313296634375063	0.10032679738562075
18	0.22721144958890058	0.09660493827160484
19	0.23501588281000044	0.09473684210526305
20	0.24534436605515042	0.09361111111111112
