1	0.016821678565099616	0.1388888888888889
2	0.029683292260046644	0.11944444444444445
3	0.06007597056939162	0.15740740740740733
4	0.08501920350604555	0.16805555555555557
5	0.09591365343558325	0.15111111111111092
6	0.1092293500846132	0.14074074074074075
7	0.11877472754665733	0.13253968253968243
8	0.1341434945820911	0.13055555555555556
9	0.14376430586956904	0.1234567901234566
10	0.16186547938740917	0.12555555555555561
11	0.17524110067969711	0.12323232323232328
12	0.1824389337108635	0.11759259259259255
13	0.19853260855453836	0.11794871794871778
14	0.2075868413587712	0.11468253968253972
15	0.2173126605363447	0.1125925925925925
16	0.22310851591553343	0.10868055555555556
17	0.22861082225117313	0.10490196078431357
18	0.23824045188080284	0.10339506172839502
19	0.2445545852782696	0.1005847953216374
20	0.2532601544005054	0.09861111111111115
