1	0.022402096360429693	0.19444444444444445
2	0.03433551787718456	0.14444444444444443
3	0.06659425133689836	0.17962962962962944
4	0.0976680640528679	0.19722222222222222
5	0.11275970567959727	0.1811111111111109
6	0.1293335270728201	0.17592592592592604
7	0.13646027378290013	0.15873015873015855
8	0.1468895561639369	0.15
9	0.16077736044389807	0.14629629629629606
10	0.1723931828930538	0.1411111111111112
11	0.1817389397143008	0.13535353535353542
12	0.18923574018001257	0.13009259259259262
13	0.2012529536310496	0.12820512820512803
14	0.2093285508733135	0.12380952380952388
15	0.21473999615317993	0.11851851851851837
16	0.2257907712390427	0.11631944444444445
17	0.23042280587107733	0.11176470588235272
18	0.23408682703509842	0.10709876543209873
19	0.23738268241428714	0.1029239766081871
20	0.24097415267242409	0.09916666666666674
