1	0.013328924162257498	0.09444444444444444
2	0.0243231922398589	0.08611111111111111
3	0.0243231922398589	0.057407407407407414
4	0.0243231922398589	0.043055555555555555
5	0.043090828924162265	0.0622222222222222
6	0.06875766695942133	0.08425925925925924
7	0.08554256902941111	0.09047619047619049
8	0.09561671272197586	0.08819444444444445
9	0.1015955487008118	0.08333333333333323
10	0.11195948487357153	0.08277777777777767
11	0.12753267711343044	0.08585858585858593
12	0.1358838475479342	0.08425925925925927
13	0.1408133008107208	0.08076923076923068
14	0.15063184646259975	0.08095238095238086
15	0.1586988257795791	0.07999999999999993
16	0.17116355241097242	0.08055555555555556
17	0.18005685047093714	0.07973856209150314
18	0.1849929174903375	0.07746913580246902
19	0.19020676228751562	0.07543859649122799
20	0.19448806740215407	0.07333333333333338
