1	0.008701499118165784	0.06666666666666667
2	0.017810846560846562	0.06666666666666667
3	0.017810846560846562	0.04444444444444443
4	0.017810846560846562	0.03333333333333333
5	0.04784080888247554	0.06777777777777774
6	0.07300655363155362	0.08611111111111105
7	0.090090087381754	0.09126984126984126
8	0.1054760902677569	0.09305555555555556
9	0.11871061808561802	0.09320987654320977
10	0.12899741462241457	0.09111111111111105
11	0.13831860269360266	0.08888888888888896
12	0.14539532227032223	0.08564814814814817
13	0.1546569865319865	0.08418803418803411
14	0.16046847442680776	0.08134920634920628
15	0.17068011463844798	0.08111111111111109
16	0.17642305996472668	0.07881944444444444
17	0.18221250200416875	0.07679738562091488
18	0.18991091470258145	0.07592592592592581
19	0.19796446608946608	0.07543859649122803
20	0.20934253246753248	0.0758333333333333
