1	0.019078544911878242	0.15
2	0.03327353202353203	0.125
3	0.03327353202353203	0.0833333333333334
4	0.03327353202353203	0.0625
5	0.06251140834474166	0.09555555555555548
6	0.08632065465398796	0.1111111111111111
7	0.10608262108262106	0.1158730158730158
8	0.1279374791874792	0.12291666666666666
9	0.14462218337218338	0.12345679012345659
10	0.15567858067858067	0.11999999999999997
11	0.16796513671513671	0.11717171717171726
12	0.17691066649399984	0.11342592592592596
13	0.186557593640927	0.1102564102564101
14	0.19395790937457597	0.10674603174603173
15	0.20747849372849358	0.10629629629629618
16	0.21261116969450297	0.10243055555555555
17	0.22466329966329956	0.10163398692810441
18	0.22954645662978987	0.09783950617283943
19	0.2340925124258457	0.09473684210526305
20	0.24150198566865236	0.09305555555555561
