1	0.014736050986050984	0.1111111111111111
2	0.028527598944265615	0.10555555555555556
3	0.028527598944265615	0.07037037037037037
4	0.028527598944265615	0.05277777777777778
5	0.048965589149412694	0.0733333333333333
6	0.07332666017715034	0.08888888888888882
7	0.0897752732924301	0.0928571428571428
8	0.09996947723663406	0.09027777777777778
9	0.10998236558285569	0.08827160493827149
10	0.1177888029726264	0.08555555555555544
11	0.127475931385245	0.08484848484848494
12	0.13749617348882046	0.08379629629629633
13	0.14983984833249533	0.08376068376068366
14	0.15867181883113252	0.08253968253968245
15	0.16670753311684677	0.08074074074074067
16	0.17881772231036933	0.08125
17	0.18481680039278078	0.0794117647058822
18	0.19314812955744334	0.07870370370370355
19	0.19788598429529813	0.0766081871345028
20	0.20589544397142445	0.07583333333333335
