1	0.016821678565099616	0.1388888888888889
2	0.029683292260046644	0.11944444444444445
3	0.029683292260046644	0.07962962962962965
4	0.029683292260046644	0.059722222222222225
5	0.06007597056939162	0.09444444444444439
6	0.08501920350604555	0.1120370370370371
7	0.09591365343558325	0.10793650793650787
8	0.1092293500846132	0.10555555555555556
9	0.11877472754665733	0.10308641975308624
10	0.1341434945820911	0.10444444444444445
11	0.14376430586956904	0.10101010101010106
12	0.16186547938740917	0.1046296296296296
13	0.17524110067969711	0.10427350427350415
14	0.1824389337108635	0.10079365079365081
15	0.19853260855453836	0.10222222222222213
16	0.2075868413587712	0.10034722222222223
17	0.2173126605363447	0.09934640522875804
18	0.22310851591553343	0.09660493827160484
19	0.22861082225117313	0.09385964912280692
20	0.23824045188080284	0.09305555555555561
