1	0.01951298701298701	0.13333333333333333
2	0.031278860028860024	0.1111111111111111
3	0.031278860028860024	0.07407407407407411
4	0.031278860028860024	0.05555555555555555
5	0.06370650953984282	0.09333333333333321
6	0.0916608545775212	0.11203703703703699
7	0.10720799262465922	0.11349206349206342
8	0.123389511722845	0.11388888888888889
9	0.13484305273520955	0.11234567901234552
10	0.15008335255884267	0.1127777777777777
11	0.16073150070699083	0.11010101010101023
12	0.16858864356413364	0.10601851851851857
13	0.17555785717550418	0.10256410256410244
14	0.18466520044951412	0.10039682539682535
15	0.19385683669997392	0.09851851851851845
16	0.20641687923550664	0.09826388888888889
17	0.2110295913237089	0.0947712418300652
18	0.21676592289337385	0.0919753086419752
19	0.22313296634375063	0.08976608187134494
20	0.22721144958890058	0.08694444444444446
