1	0.018685727852394515	0.13333333333333333
2	0.033024552607885935	0.11388888888888889
3	0.033024552607885935	0.07592592592592592
4	0.033024552607885935	0.05694444444444444
5	0.06927495344162012	0.0966666666666666
6	0.10232802691136023	0.1212962962962963
7	0.11468052009718677	0.11666666666666661
8	0.13206147247813915	0.11736111111111111
9	0.14718052009718674	0.11543209876543191
10	0.15940681232347895	0.11222222222222218
11	0.1706391756391756	0.10858585858585867
12	0.18104722438055773	0.10601851851851847
13	0.18890657182323847	0.102136752136752
14	0.20076724201724194	0.10119047619047612
15	0.21499784166450833	0.10074074074074064
16	0.22589697339697332	0.09965277777777778
17	0.22827538202538197	0.09509803921568608
18	0.23353077478077475	0.09197530864197517
19	0.24081492581492572	0.0897660818713449
20	0.24672321505654837	0.0877777777777778
