1	0.022402096360429693	0.19444444444444445
2	0.03433551787718456	0.14444444444444443
3	0.03433551787718456	0.09629629629629632
4	0.03433551787718456	0.07222222222222222
5	0.06659425133689836	0.10777777777777763
6	0.0976680640528679	0.13148148148148156
7	0.11275970567959727	0.12936507936507924
8	0.1293335270728201	0.13194444444444445
9	0.13646027378290013	0.12345679012345659
10	0.1468895561639369	0.12000000000000002
11	0.16077736044389807	0.1196969696969698
12	0.1723931828930538	0.11759259259259267
13	0.1817389397143008	0.11452991452991436
14	0.18923574018001257	0.11150793650793654
15	0.2012529536310496	0.111111111111111
16	0.2093285508733135	0.10833333333333334
17	0.21473999615317993	0.10457516339869263
18	0.2257907712390427	0.10339506172839504
19	0.23042280587107733	0.09999999999999994
20	0.23408682703509842	0.09638888888888894
