1	0.020380977047643713	0.16111111111111112
2	0.03688801167967834	0.14444444444444443
3	0.03688801167967834	0.09629629629629632
4	0.03688801167967834	0.07222222222222222
5	0.06866667283333949	0.10777777777777765
6	0.100677355052355	0.12962962962962965
7	0.12115394636227962	0.1325396825396824
8	0.13474748245581572	0.12986111111111112
9	0.14610350297850294	0.12469135802469115
10	0.15577081097914428	0.11944444444444448
11	0.16602493956660616	0.11666666666666671
12	0.1764638525055191	0.1138888888888888
13	0.18430466138799467	0.10982905982905969
14	0.19236172007005345	0.10674603174603177
15	0.1990153596403597	0.10333333333333325
16	0.2032480251230252	0.09930555555555555
17	0.2072627758044425	0.09542483660130703
18	0.2143046228462896	0.09320987654320977
19	0.21986498840665517	0.09093567251461979
20	0.22612400716567388	0.08861111111111115
