1	0.02688977144859497	0.2
2	0.0426739712433727	0.15833333333333333
3	0.0426739712433727	0.10555555555555556
4	0.0426739712433727	0.07916666666666666
5	0.07186524009472922	0.10888888888888879
6	0.10295461311134682	0.12962962962962968
7	0.11877030976037686	0.1277777777777777
8	0.13439271691787172	0.12638888888888888
9	0.14710326741350993	0.12407407407407385
10	0.1564132321401413	0.11888888888888896
11	0.16732178346535928	0.11616161616161619
12	0.17300506623197534	0.11018518518518514
13	0.1878988138863009	0.11068376068376051
14	0.19914660930076308	0.10833333333333338
15	0.20565675039423748	0.10444444444444433
16	0.2182824525787631	0.10451388888888889
17	0.224461767091411	0.10098039215686254
18	0.23526469872767594	0.09999999999999988
19	0.24204584423431166	0.09766081871345021
20	0.24770132528194952	0.09527777777777781
