1	0.01951298701298701	0.13333333333333333
2	0.05202881994548661	0.18611111111111112
3	0.06351711560044893	0.15370370370370362
4	0.06715909090909089	0.12222222222222222
5	0.08246993746993744	0.12222222222222211
6	0.1014582331248997	0.12592592592592589
7	0.10571548821548812	0.11349206349206341
8	0.11383076799743458	0.10694444444444444
9	0.11900699609032933	0.09999999999999988
10	0.12646731355064683	0.09555555555555553
11	0.1308353166441401	0.09090909090909097
12	0.13780232566997266	0.08796296296296297
13	0.1442176695853166	0.08504273504273493
14	0.15010188794502508	0.08253968253968247
15	0.15552296378276761	0.07999999999999995
16	0.1602316193247565	0.07743055555555556
17	0.16725374298903703	0.07614379084967308
18	0.17284677649873717	0.07438271604938261
19	0.17466166912245332	0.071345029239766
20	0.1766457961065803	0.0686111111111111
