1	0.02688977144859497	0.2
2	0.06170459884017673	0.2361111111111111
3	0.07921320621720516	0.2018518518518519
4	0.09183551162459827	0.175
5	0.09973273785515785	0.15222222222222206
6	0.11616114967572655	0.14814814814814817
7	0.125499974431218	0.13730158730158712
8	0.13147311110610904	0.12638888888888888
9	0.14029437698619843	0.12098765432098749
10	0.15356896731961228	0.12000000000000002
11	0.1667398804660156	0.11818181818181822
12	0.17021830506286123	0.11111111111111109
13	0.17559908656206377	0.10598290598290586
14	0.18708956594470005	0.10436507936507942
15	0.1967085734803743	0.10222222222222216
16	0.20812674635688053	0.10138888888888889
17	0.2171518416319758	0.09967320261437893
18	0.22368200355429455	0.09691358024691352
19	0.23033103353665796	0.09444444444444439
20	0.23362929391825168	0.09111111111111114
