1	0.014736050986050984	0.1111111111111111
2	0.039063012604679266	0.14444444444444443
3	0.05756629944129944	0.14074074074074072
4	0.06614213718380385	0.12083333333333333
5	0.0782677584760918	0.11555555555555548
6	0.09077222931389595	0.11203703703703705
7	0.09724268786768785	0.10238095238095234
8	0.10993248264081594	0.10069444444444445
9	0.11367827388660717	0.0925925925925925
10	0.11961321857155187	0.08777777777777772
11	0.13001224855391513	0.08686868686868696
12	0.13976553539053532	0.08564814814814817
13	0.14537881100381095	0.08247863247863238
14	0.14931640119140113	0.07896825396825391
15	0.15542310313143642	0.07666666666666663
16	0.15859181169230183	0.07361111111111111
17	0.1613916353254588	0.07058823529411754
18	0.1689226999398567	0.06975308641975299
19	0.17254924314973324	0.06754385964912273
20	0.17623531016913357	0.06555555555555555
