1	0.022402096360429693	0.19444444444444445
2	0.053229514222161274	0.21944444444444444
3	0.07056871505400913	0.19444444444444445
4	0.08322222382593897	0.17083333333333334
5	0.09487696568901417	0.15555555555555536
6	0.10617692060739016	0.14722222222222228
7	0.11523657180261922	0.13888888888888876
8	0.12796051679372106	0.13541666666666666
9	0.1404385326050702	0.1314814814814813
10	0.15056419080670877	0.12722222222222226
11	0.1594474294816141	0.12272727272727284
12	0.1684963512388692	0.11898148148148151
13	0.17440464048049176	0.11410256410256397
14	0.17960732359984163	0.10952380952380952
15	0.18676057101366692	0.10666666666666656
16	0.19540225283259333	0.10451388888888889
17	0.20586742038109435	0.10294117647058806
18	0.21071276022643426	0.09938271604938267
19	0.21728040010289756	0.0970760233918128
20	0.21757279776371624	0.09250000000000005
