1	0.008701499118165784	0.06666666666666667
2	0.03178591470258138	0.11666666666666667
3	0.044003727753727774	0.10740740740740744
4	0.06412297578964246	0.11527777777777778
5	0.07074775533108867	0.10222222222222213
6	0.08250701459034791	0.09999999999999996
7	0.09590227673561004	0.09999999999999994
8	0.10651074234407563	0.09652777777777778
9	0.11194304152637483	0.09012345679012337
10	0.11943201859868524	0.08722222222222217
11	0.1267291967291967	0.0838383838383839
12	0.1327697611030944	0.08055555555555557
13	0.13786235369568703	0.07692307692307687
14	0.1457421436588103	0.07579365079365077
15	0.14980359147025815	0.07296296296296297
16	0.15615520282186948	0.07118055555555555
17	0.16167768959435627	0.06928104575163387
18	0.1671651034151035	0.06790123456790112
19	0.1688846801346802	0.06491228070175437
20	0.17347462722462728	0.06333333333333328
