1	0.018685727852394515	0.13333333333333333
2	0.04825315116981783	0.175
3	0.06941923816923816	0.17037037037037034
4	0.07544677544677544	0.1388888888888889
5	0.08206955081955081	0.12111111111111102
6	0.08911119744453076	0.11018518518518522
7	0.09232534440867773	0.0984126984126984
8	0.10542058250391585	0.09791666666666667
9	0.11976347726347723	0.09938271604938258
10	0.1281052897719564	0.09611111111111105
11	0.13826842910176237	0.09494949494949502
12	0.1442759246925913	0.09074074074074073
13	0.1532970887137553	0.0888888888888888
14	0.162168001751335	0.08730158730158721
15	0.17076388118054778	0.08555555555555548
16	0.17918539793539792	0.08368055555555555
17	0.18794862544862545	0.08202614379084956
18	0.1894367206867207	0.07808641975308632
19	0.1926995072828406	0.07543859649122794
20	0.19637014220347557	0.07305555555555557
