1	0.020380977047643713	0.16111111111111112
2	0.061831016206016186	0.24166666666666667
3	0.07961236294569626	0.20740740740740726
4	0.08700453867120533	0.16944444444444445
5	0.09533332408332408	0.14777777777777756
6	0.10790647623980952	0.1398148148148148
7	0.11076842910176238	0.12380952380952369
8	0.11596319575486237	0.11388888888888889
9	0.1228174526091192	0.10740740740740726
10	0.13059398934398928	0.10388888888888885
11	0.13543311626644955	0.09848484848484858
12	0.1421755405088738	0.09537037037037036
13	0.1490189748523081	0.09230769230769223
14	0.1535714439881106	0.08809523809523803
15	0.15958886021386012	0.08555555555555551
16	0.1619962676212675	0.08125
17	0.16762497533330856	0.07908496732026131
18	0.17356232502065821	0.07716049382716038
19	0.1786217100800433	0.07514619883040928
20	0.18723508744342068	0.07472222222222223
