1	0.019078544911878242	0.15
2	0.05751755960089291	0.21666666666666667
3	0.07431670181670179	0.1888888888888888
4	0.09172471047471044	0.1763888888888889
5	0.10023681565348229	0.15444444444444427
6	0.1125428737928737	0.14537037037037043
7	0.12187528520861846	0.134126984126984
8	0.12948351031684358	0.12430555555555556
9	0.13709594417927742	0.11666666666666645
10	0.14515370432037092	0.11055555555555553
11	0.15521509354842686	0.10757575757575766
12	0.1591170712004045	0.10138888888888888
13	0.16791617333283995	0.09957264957264944
14	0.17816088232754893	0.0976190476190476
15	0.18431354139687472	0.09444444444444434
16	0.1882131140464473	0.09027777777777778
17	0.19911905995239318	0.08986928104575147
18	0.20657703407703398	0.08827160493827146
19	0.21116497699831033	0.08567251461988291
20	0.21959751668085006	0.0847222222222223
