1	0.016821678565099616	0.1388888888888889
2	0.04874784653293423	0.19166666666666668
3	0.06858663428838863	0.17962962962962953
4	0.0827754084771628	0.1638888888888889
5	0.09304402874578308	0.1466666666666665
6	0.10499508694684127	0.1379629629629631
7	0.11488625003975882	0.12936507936507927
8	0.12167416891101103	0.12013888888888889
9	0.12644268742952955	0.11049382716049369
10	0.13626652100336314	0.10666666666666666
11	0.14811789493807037	0.10606060606060613
12	0.15805141820492694	0.10416666666666664
13	0.1695818014019768	0.10384615384615375
14	0.17544345518029722	0.10000000000000003
15	0.18818582083932964	0.09999999999999994
16	0.193342007245516	0.09618055555555556
17	0.19705472970823842	0.09215686274509789
18	0.19960102600453472	0.08796296296296284
19	0.208247672567848	0.08771929824561393
20	0.21059100824451704	0.08444444444444452
