1	0.013328924162257498	0.09444444444444444
2	0.0316258327442538	0.11944444444444445
3	0.049233857435611816	0.1222222222222222
4	0.058101219195130435	0.10972222222222222
5	0.06283653018044143	0.09555555555555552
6	0.07082153899878356	0.08981481481481478
7	0.08044000695058484	0.08730158730158728
8	0.08905077889469012	0.08472222222222223
9	0.0931601263373709	0.07901234567901229
10	0.1032791739564185	0.07777777777777774
11	0.10732204466595589	0.07373737373737375
12	0.11422239739964196	0.07175925925925924
13	0.12369295770353557	0.07179487179487176
14	0.1285382975488754	0.06944444444444442
15	0.13434263210320996	0.06814814814814814
16	0.1394727026499472	0.06631944444444444
17	0.14578884021608476	0.06503267973856203
18	0.15050003951061736	0.06358024691358019
19	0.15827801770526226	0.06345029239766077
20	0.1631449303572626	0.06222222222222221
