1	0.016821678565099616	0.1388888888888889
2	0.016821678565099616	0.06944444444444445
3	0.04874784653293423	0.1277777777777777
4	0.06858663428838863	0.13472222222222222
5	0.0827754084771628	0.13111111111111098
6	0.09304402874578308	0.12222222222222234
7	0.10499508694684127	0.11825396825396821
8	0.11488625003975882	0.11319444444444444
9	0.12167416891101103	0.10679012345679
10	0.12644268742952955	0.09944444444444442
11	0.13626652100336314	0.09696969696969703
12	0.14811789493807037	0.09722222222222222
13	0.15805141820492694	0.09615384615384606
14	0.1695818014019768	0.09642857142857145
15	0.17544345518029722	0.0933333333333333
16	0.18818582083932964	0.09375
17	0.193342007245516	0.0905228758169933
18	0.19705472970823842	0.0870370370370369
19	0.19960102600453472	0.08333333333333323
20	0.208247672567848	0.0833333333333334
