1	0.018685727852394515	0.13333333333333333
2	0.018685727852394515	0.06666666666666667
3	0.04825315116981783	0.11666666666666664
4	0.06941923816923816	0.12777777777777777
5	0.07544677544677544	0.11111111111111104
6	0.08206955081955081	0.10092592592592593
7	0.08911119744453076	0.09444444444444444
8	0.09232534440867773	0.08611111111111111
9	0.10542058250391585	0.08703703703703693
10	0.11976347726347723	0.08944444444444435
11	0.1281052897719564	0.08737373737373741
12	0.13826842910176237	0.08703703703703701
13	0.1442759246925913	0.08376068376068367
14	0.1532970887137553	0.08253968253968245
15	0.162168001751335	0.0814814814814814
16	0.17076388118054778	0.08020833333333334
17	0.17918539793539792	0.07875816993464041
18	0.18794862544862545	0.07746913580246904
19	0.1894367206867207	0.07397660818713438
20	0.1926995072828406	0.07166666666666668
