1	0.02688977144859497	0.2
2	0.02688977144859497	0.1
3	0.06170459884017673	0.15740740740740733
4	0.07921320621720516	0.15138888888888888
5	0.09183551162459827	0.13999999999999985
6	0.09973273785515785	0.12685185185185194
7	0.11616114967572655	0.12698412698412687
8	0.125499974431218	0.12013888888888889
9	0.13147311110610904	0.11234567901234553
10	0.14029437698619843	0.10888888888888894
11	0.15356896731961228	0.10909090909090917
12	0.1667398804660156	0.1083333333333333
13	0.17021830506286123	0.10256410256410245
14	0.17559908656206377	0.09841269841269842
15	0.18708956594470005	0.09740740740740736
16	0.1967085734803743	0.09583333333333334
17	0.20812674635688053	0.09542483660130703
18	0.2171518416319758	0.09413580246913572
19	0.22368200355429455	0.09181286549707592
20	0.23033103353665796	0.08972222222222226
