1	0.019078544911878242	0.15
2	0.019078544911878242	0.075
3	0.05751755960089291	0.14444444444444443
4	0.07431670181670179	0.14166666666666666
5	0.09172471047471044	0.1411111111111109
6	0.10023681565348229	0.12870370370370368
7	0.1125428737928737	0.1246031746031745
8	0.12187528520861846	0.11736111111111111
9	0.12948351031684358	0.11049382716049365
10	0.13709594417927742	0.10499999999999997
11	0.14515370432037092	0.1005050505050506
12	0.15521509354842686	0.09861111111111107
13	0.1591170712004045	0.09358974358974344
14	0.16791617333283995	0.09246031746031738
15	0.17816088232754893	0.091111111111111
16	0.18431354139687472	0.08854166666666667
17	0.1882131140464473	0.08496732026143776
18	0.19911905995239318	0.0848765432098764
19	0.20657703407703398	0.08362573099415194
20	0.21116497699831033	0.08138888888888896
