1	0.014736050986050984	0.1111111111111111
2	0.014736050986050984	0.05555555555555555
3	0.039063012604679266	0.09629629629629631
4	0.05756629944129944	0.10555555555555556
5	0.06614213718380385	0.0966666666666666
6	0.0782677584760918	0.09629629629629627
7	0.09077222931389595	0.09603174603174602
8	0.09724268786768785	0.08958333333333333
9	0.10993248264081594	0.0895061728395061
10	0.11367827388660717	0.08333333333333329
11	0.11961321857155187	0.0797979797979799
12	0.13001224855391513	0.07962962962962965
13	0.13976553539053532	0.07905982905982897
14	0.14537881100381095	0.07658730158730152
15	0.14931640119140113	0.07370370370370366
16	0.15542310313143642	0.071875
17	0.15859181169230183	0.06928104575163388
18	0.1613916353254588	0.06666666666666657
19	0.1689226999398567	0.06608187134502916
20	0.17254924314973324	0.06416666666666668
