1	0.013328924162257498	0.09444444444444444
2	0.013328924162257498	0.04722222222222222
3	0.0316258327442538	0.07962962962962962
4	0.049233857435611816	0.09166666666666666
5	0.058101219195130435	0.08777777777777772
6	0.06283653018044143	0.07962962962962958
7	0.07082153899878356	0.07698412698412697
8	0.08044000695058484	0.0763888888888889
9	0.08905077889469012	0.0753086419753086
10	0.0931601263373709	0.07111111111111108
11	0.1032791739564185	0.07070707070707073
12	0.10732204466595589	0.06759259259259259
13	0.11422239739964196	0.06623931623931621
14	0.12369295770353557	0.06666666666666664
15	0.1285382975488754	0.06481481481481481
16	0.13434263210320996	0.06388888888888888
17	0.1394727026499472	0.062418300653594716
18	0.14578884021608476	0.06141975308641971
19	0.15050003951061736	0.06023391812865494
20	0.15827801770526226	0.06027777777777776
