1	0.022402096360429693	0.19444444444444445
2	0.022402096360429693	0.09722222222222222
3	0.053229514222161274	0.14629629629629615
4	0.07056871505400913	0.14583333333333334
5	0.08322222382593897	0.1366666666666665
6	0.09487696568901417	0.12962962962962965
7	0.10617692060739016	0.12619047619047608
8	0.11523657180261922	0.12152777777777778
9	0.12796051679372106	0.12037037037037024
10	0.1404385326050702	0.11833333333333337
11	0.15056419080670877	0.11565656565656571
12	0.1594474294816141	0.11249999999999996
13	0.1684963512388692	0.10982905982905969
14	0.17440464048049176	0.10595238095238094
15	0.17960732359984163	0.10222222222222212
16	0.18676057101366692	0.1
17	0.19540225283259333	0.09836601307189527
18	0.20586742038109435	0.09722222222222217
19	0.21071276022643426	0.09415204678362567
20	0.21728040010289756	0.09222222222222227
