1	0.01951298701298701	0.13333333333333333
2	0.01951298701298701	0.06666666666666667
3	0.05202881994548661	0.12407407407407404
4	0.06351711560044893	0.11527777777777778
5	0.06715909090909089	0.09777777777777769
6	0.08246993746993744	0.10185185185185183
7	0.1014582331248997	0.10793650793650787
8	0.10571548821548812	0.09930555555555555
9	0.11383076799743458	0.09506172839506163
10	0.11900699609032933	0.08999999999999996
11	0.12646731355064683	0.08686868686868694
12	0.1308353166441401	0.08333333333333336
13	0.13780232566997266	0.0811965811965811
14	0.1442176695853166	0.07896825396825388
15	0.15010188794502508	0.07703703703703699
16	0.15552296378276761	0.075
17	0.1602316193247565	0.07287581699346395
18	0.16725374298903703	0.07191358024691348
19	0.17284677649873717	0.07046783625730987
20	0.17466166912245332	0.06777777777777777
