1	0.020380977047643713	0.16111111111111112
2	0.020380977047643713	0.08055555555555556
3	0.061831016206016186	0.161111111111111
4	0.07961236294569626	0.15555555555555556
5	0.08700453867120533	0.13555555555555532
6	0.09533332408332408	0.1231481481481482
7	0.10790647623980952	0.11984126984126973
8	0.11076842910176238	0.10833333333333334
9	0.11596319575486237	0.10123456790123443
10	0.1228174526091192	0.0966666666666666
11	0.13059398934398928	0.09444444444444454
12	0.13543311626644955	0.09027777777777782
13	0.1421755405088738	0.08803418803418796
14	0.1490189748523081	0.08571428571428566
15	0.1535714439881106	0.08222222222222218
16	0.15958886021386012	0.08020833333333334
17	0.1619962676212675	0.076470588235294
18	0.16762497533330856	0.07469135802469125
19	0.17356232502065821	0.0730994152046783
20	0.1786217100800433	0.07138888888888892
