1	0.008701499118165784	0.06666666666666667
2	0.008701499118165784	0.03333333333333333
3	0.03178591470258138	0.07777777777777779
4	0.044003727753727774	0.08055555555555556
5	0.06412297578964246	0.09222222222222219
6	0.07074775533108867	0.08518518518518518
7	0.08250701459034791	0.0857142857142857
8	0.09590227673561004	0.0875
9	0.10651074234407563	0.0858024691358024
10	0.11194304152637483	0.08111111111111106
11	0.11943201859868524	0.07929292929292935
12	0.1267291967291967	0.07685185185185188
13	0.1327697611030944	0.07435897435897432
14	0.13786235369568703	0.0714285714285714
15	0.1457421436588103	0.07074074074074074
16	0.14980359147025815	0.06840277777777778
17	0.15615520282186948	0.06699346405228747
18	0.16167768959435627	0.06543209876543199
19	0.1671651034151035	0.06432748538011694
20	0.1688846801346802	0.06166666666666663
