1	0.1014701769107055	0.40969162995594716
2	0.16962799804209489	0.3436123348017621
3	0.20837878470037074	0.28340675477239374
4	0.2549611915250683	0.2599118942731278
5	0.28808999370673405	0.23700440528634384
6	0.3129641283826307	0.21585903083700425
7	0.33320921613873167	0.1988672120830713
8	0.35036885532480255	0.183920704845815
9	0.36679428012027127	0.17131669114047965
10	0.38475106635899586	0.16211453744493404
11	0.40847667995245085	0.15578694433319992
12	0.427484092021537	0.14977973568281933
13	0.4377001608279142	0.1413080311758723
14	0.4534910146143627	0.13561988672120842
15	0.46208132298440663	0.12922173274596158
16	0.46663345220613933	0.1222466960352423
17	0.4702678134396195	0.11609225187872478
18	0.4775417802950842	0.11160058737151253
19	0.4822774631144675	0.10688615812659401
20	0.49208446961750923	0.10352422907489
