1	0.10540696454793368	0.42290748898678415
2	0.17233585063981538	0.3392070484581498
3	0.23343996923292085	0.3054331864904553
4	0.2659761555136006	0.263215859030837
5	0.2981767009300051	0.23700440528634378
6	0.31856338717572225	0.21218795888399408
7	0.34008635759737116	0.19446192573945892
8	0.3595430389483256	0.18061674008810572
9	0.3805835256275786	0.16984826235927547
10	0.3947538633661981	0.1590308370044055
11	0.40560625131109695	0.14897877452943542
12	0.41661946717012793	0.14023494860499264
13	0.4275592615900985	0.13351406302948124
14	0.4445685616390462	0.12901195720578995
15	0.45599783231941826	0.12364170337738595
16	0.4611373330536326	0.11701541850220264
17	0.47233934689881824	0.11272350349831534
18	0.4789472764142368	0.10817425354870287
19	0.48900601356548495	0.10433572919081843
20	0.4934112999090974	0.0997797356828194
