1	0.10090727921124391	0.40969162995594716
2	0.16162506118453251	0.33259911894273125
3	0.2095185651353054	0.29368575624082255
4	0.24482204041675407	0.2588105726872247
5	0.29330816026851275	0.24933920704845827
6	0.317946297461716	0.2261380323054331
7	0.34685336689741986	0.21208307111390814
8	0.3696979232221525	0.19768722466960353
9	0.38700090902734097	0.1840430739109154
10	0.40198587511362854	0.1731277533039651
11	0.4181071253758479	0.1633960752903486
12	0.43275994685686325	0.15528634361233482
13	0.44661212502622205	0.14740765842087392
14	0.4555066079295154	0.14033983637507874
15	0.46593245227606467	0.13392070484581467
16	0.48174078735752757	0.1299559471365639
17	0.4931630655198938	0.12542109354755085
18	0.5005891196419832	0.1204111600587372
19	0.5038930843996924	0.11500115928587987
20	0.5072145304524159	0.11013215859030849
