1	0.09702817984756303	0.3876651982378855
2	0.16187504370323755	0.32819383259911894
3	0.2126617019788827	0.28781204111600606
4	0.25268862317320473	0.2566079295154185
5	0.2739179078386128	0.22290748898678428
6	0.29397244947905743	0.20044052863436118
7	0.31623487867981265	0.1862806796727501
8	0.341949863645899	0.17676211453744495
9	0.355141248863716	0.16397454723445895
10	0.3677697363820714	0.15242290748898696
11	0.3815415005943643	0.14377252703243903
12	0.39627473603244573	0.1369309838472833
13	0.4106705824767501	0.131480853947814
14	0.4211750926508637	0.12523599748269357
15	0.42730578281239084	0.11894273127753284
16	0.43620725823369005	0.11398678414096916
17	0.44667505768827365	0.10987302409950736
18	0.45468848332284467	0.10572687224669605
19	0.45645059786028963	0.10062601437514487
20	0.4679777637927418	0.09779735682819395
