1	0.10420250332144601	0.3876651982378855
2	0.17370813229844076	0.32158590308370044
3	0.21716663170407668	0.27459618208516906
4	0.2520173414446542	0.23898678414096916
5	0.27663799734284317	0.21233480176211464
6	0.29628347667995253	0.19016152716593238
7	0.31768407803650095	0.17621145374449337
8	0.33501153765470937	0.16299559471365638
9	0.35047898748339257	0.1517376407244247
10	0.3665268163065518	0.143171806167401
11	0.38003636109362976	0.13496195434521444
12	0.3938151178239284	0.12848751835535976
13	0.4054891266345012	0.1219925449000336
14	0.4193902524299	0.11799874134675903
15	0.42687923921404103	0.11189427312775307
16	0.43411649534997554	0.10655286343612334
17	0.4425599608418993	0.1018398548846849
18	0.44703866862457187	0.09740577581987275
19	0.45739109153206087	0.09436587062369578
20	0.46979931473323555	0.0918502202643173
