1	0.11994440948185434	0.4713656387665198
2	0.18023389972729176	0.36123348017621143
3	0.24966435913572466	0.3362701908957417
4	0.29599853157121886	0.30066079295154186
5	0.322655758338578	0.2643171806167402
6	0.34545311516677185	0.23641703377386206
7	0.36235053492762764	0.21397105097545624
8	0.37905915670232854	0.19658590308370044
9	0.3932294944409483	0.1820851688693097
10	0.4140811831340467	0.17268722466960362
11	0.42862911684497595	0.1625951141369646
12	0.4458831550241243	0.15455212922173275
13	0.4578141388714077	0.1460521856997625
14	0.46787812041116017	0.13908118313404672
15	0.4761013215859033	0.13215859030836982
16	0.4865271659324524	0.12637665198237885
17	0.49364904552129235	0.1204975382223371
18	0.4962187958883996	0.11453744493392078
19	0.502354730438431	0.10990030141432883
20	0.5051867002307533	0.10506607929515423
