1	0.09937591776798821	0.3744493392070485
2	0.1613436123348017	0.30837004405286345
3	0.21527165932452264	0.276064610866373
4	0.26325256975036704	0.2544052863436123
5	0.29401615271659326	0.22731277533039654
6	0.31586427522550875	0.20411160058737143
7	0.3352475351374031	0.1862806796727501
8	0.356948814768198	0.17400881057268722
9	0.3827984057058946	0.16593245227606446
10	0.3931875393329136	0.15374449339207066
11	0.41066708621774695	0.14577492991589916
12	0.4265261170547515	0.13876651982378843
13	0.4415775120620937	0.13283632666892548
14	0.4496538703587163	0.12555066079295166
15	0.46269142018040704	0.12070484581497772
16	0.4729704216488358	0.11563876651982379
17	0.48361653031256563	0.11116869655351098
18	0.4990350325152089	0.10817425354870293
19	0.5041011118103631	0.10364015766287964
20	0.5085063981539755	0.09933920704845829
