1	0.09906649884623447	0.4008810572687225
2	0.1661229983917209	0.3436123348017621
3	0.21543598349765755	0.29662261380323063
4	0.2618872806097476	0.2709251101321586
5	0.29188518285434595	0.24140969162995612
6	0.3222554366827497	0.2232011747430249
7	0.35286343612334825	0.20956576463184415
8	0.3670512551569821	0.19162995594713655
9	0.3877980560799945	0.1791483113069015
10	0.3987378504999653	0.165638766519824
11	0.4150426543598352	0.15658790548658397
12	0.4259509824487798	0.14794419970631423
13	0.43888888888888916	0.1413080311758723
14	0.4440283896231035	0.1324732536186282
15	0.45225683518635085	0.12628487518355339
16	0.46136109362981637	0.12059471365638766
17	0.4668677015593318	0.11479657942472116
18	0.4749860149639887	0.11013215859030845
19	0.481520523040347	0.10572687224669605
20	0.4846042234808756	0.10110132158590313
