1	0.10233899727291797	0.4052863436123348
2	0.16224215089853858	0.32599118942731276
3	0.21981504789874845	0.29809104258443486
4	0.2563789245507309	0.2599118942731278
5	0.2909709111250964	0.23524229074889885
6	0.3236854066149221	0.21953010279001461
7	0.34740053143136845	0.2020138451856514
8	0.3614292706803721	0.183920704845815
9	0.37983357807146356	0.17180616740088084
10	0.4007324662611007	0.16343612334801783
11	0.41696384868191044	0.15498598317981593
12	0.42816586252709604	0.14610866372980907
13	0.4354345849940564	0.1372416130125378
14	0.44322250192294255	0.1296412838263059
15	0.4499772743164815	0.12276064610866347
16	0.4609170687364521	0.11784140969162996
17	0.4681962799804212	0.11298263798911608
18	0.47458394517865904	0.10817425354870287
19	0.4795031815956927	0.10364015766287958
20	0.49304943710230065	0.10088105726872257
