1	0.07813264806656876	0.31718061674008813
2	0.1330011887280609	0.2775330396475771
3	0.17706454094119295	0.24375917767988273
4	0.21412313824208104	0.22026431718061673
5	0.24116495349975542	0.19911894273127762
6	0.2670267813439622	0.18355359765051385
7	0.2935494021397106	0.17369414726242918
8	0.30910076218446264	0.16079295154185022
9	0.32033948674917845	0.14831130690161504
10	0.3363506048528076	0.14096916299559484
11	0.35279700720229357	0.13456147376852234
12	0.3722536885532481	0.12995594713656383
13	0.3892315222711698	0.12538122670281235
14	0.3991434165442976	0.11925739458779114
15	0.40890846793930496	0.11424375917767966
16	0.42019089574155655	0.11013215859030837
17	0.4294839521711769	0.10624514122829723
18	0.43792741766310067	0.10230053842388642
19	0.44418572127823247	0.09830744261534889
20	0.45035312215928974	0.09471365638766525
