1	0.06719619047619056	0.3328
2	0.11330031746031771	0.2816
3	0.14769523809523835	0.24799999999999994
4	0.171657777777778	0.2176
5	0.18871492063492082	0.191040000000001
6	0.2046266666666669	0.1738666666666669
7	0.21714158730158742	0.15840000000000012
8	0.23092000000000001	0.147
9	0.24079936507936509	0.1372444444444452
10	0.24790031746031746	0.1273600000000001
11	0.2553860317460317	0.11941818181818233
12	0.2628431746031745	0.1128000000000001
13	0.2687225396825395	0.10658461538461593
14	0.2754107936507936	0.10148571428571429
15	0.2845257142857143	0.09770666666666718
16	0.29120507936507944	0.0937
17	0.2979968253968255	0.09035294117647102
18	0.30388761904761913	0.08684444444444485
19	0.3082628571428573	0.08345263157894768
20	0.31206857142857153	0.08039999999999994
