1	0.07725396825396841	0.3744
2	0.11548253968253983	0.284
3	0.14648126984127	0.23999999999999996
4	0.1727911111111113	0.2128
5	0.19215174603174626	0.18976000000000104
6	0.20683555555555572	0.17040000000000022
7	0.22296698412698437	0.15794285714285733
8	0.23363682539682568	0.1452
9	0.2480800000000002	0.13706666666666756
10	0.25742349206349213	0.12800000000000025
11	0.26449714285714276	0.11985454545454588
12	0.27241142857142847	0.1136
13	0.2806190476190475	0.10830769230769278
14	0.28644507936507924	0.10285714285714309
15	0.29235301587301576	0.09813333333333381
16	0.2971549206349205	0.0936
17	0.3049657142857141	0.09025882352941222
18	0.30812063492063474	0.08631111111111167
19	0.3140825396825395	0.08336842105263205
20	0.3177396825396824	0.08015999999999994
