1	0.07206158730158735	0.344
2	0.1230742857142859	0.296
3	0.15587936507936528	0.25226666666666664
4	0.18001396825396837	0.2192
5	0.19984952380952403	0.19552000000000097
6	0.21894730158730166	0.17946666666666677
7	0.2335307936507937	0.16434285714285743
8	0.24567428571428573	0.1516
9	0.2554266666666666	0.14008888888888957
10	0.2685053968253968	0.13247999999999993
11	0.27756761904761906	0.12480000000000037
12	0.28888698412698416	0.1190666666666667
13	0.2966507936507936	0.11323076923076986
14	0.3052787301587301	0.10880000000000002
15	0.3113873015873015	0.10346666666666718
16	0.3149250793650793	0.0982
17	0.3208241269841269	0.09402352941176516
18	0.3248507936507936	0.08995555555555604
19	0.32966603174603165	0.0864000000000004
20	0.3318546031746031	0.08263999999999994
