1	0.02688977144859497	0.2
2	0.0426739712433727	0.15833333333333333
3	0.06014622608404854	0.15370370370370362
4	0.0745405454538581	0.14444444444444443
5	0.11444647999537061	0.17888888888888868
6	0.13803846387244217	0.17962962962962964
7	0.16101732143463302	0.18015873015872996
8	0.1746174096180545	0.16944444444444445
9	0.1896371121377571	0.16358024691357995
10	0.2061178430702424	0.16111111111111115
11	0.21787676316249593	0.15404040404040423
12	0.22575154270394215	0.1462962962962963
13	0.23274248386154994	0.1393162393162391
14	0.24384243329483274	0.134920634920635
15	0.2515693668550995	0.12999999999999978
16	0.25881990952230877	0.12534722222222222
17	0.26650493509949125	0.12156862745098015
18	0.27425431534887157	0.11882716049382722
19	0.28394994379450006	0.11637426900584792
20	0.2914981055093284	0.1136111111111112
