1	0.01951298701298701	0.13333333333333333
2	0.031278860028860024	0.1111111111111111
3	0.04415804874138207	0.10925925925925926
4	0.058105037663861187	0.1111111111111111
5	0.09727651433533778	0.14888888888888868
6	0.1219355227198364	0.15462962962962973
7	0.14264800468231836	0.1555555555555554
8	0.16075226153657518	0.15347222222222223
9	0.1780016579281285	0.15123456790123438
10	0.19321810814457877	0.14777777777777787
11	0.20433635173831258	0.14141414141414155
12	0.21462126199871306	0.13611111111111104
13	0.22895106799518566	0.1333333333333331
14	0.23937266255893708	0.12976190476190486
15	0.24695884181178296	0.125185185185185
16	0.258698978944077	0.12361111111111112
17	0.2678921006371987	0.12058823529411741
18	0.27764979664489464	0.11790123456790125
19	0.28596821660547145	0.11520467836257307
20	0.29266354288413104	0.11194444444444455
