1	0.022402096360429693	0.19444444444444445
2	0.03433551787718456	0.14444444444444443
3	0.053014587990078174	0.14814814814814803
4	0.07215319629535309	0.14722222222222223
5	0.10963008895606934	0.17777777777777753
6	0.13350412613893003	0.1796296296296298
7	0.15858009126713973	0.18253968253968236
8	0.18046026356397868	0.18125
9	0.19692687248156787	0.17592592592592554
10	0.21278762438398655	0.17111111111111119
11	0.22224381089899656	0.1631313131313133
12	0.23166186198371427	0.15601851851851845
13	0.24614871227938814	0.15341880341880312
14	0.25313270051337644	0.1464285714285715
15	0.2610402096708856	0.14074074074074053
16	0.26781069227470156	0.13506944444444444
17	0.27851433503716777	0.13202614379084937
18	0.2863742012058575	0.12839506172839507
19	0.29248276856442496	0.1242690058479532
20	0.2975511107161005	0.12000000000000009
