1	0.016821678565099616	0.1388888888888889
2	0.029683292260046644	0.11944444444444445
3	0.04421578137586909	0.11481481481481476
4	0.06454486587162026	0.125
5	0.10346517111867984	0.15999999999999975
6	0.1314699441234528	0.1685185185185186
7	0.1561565538100625	0.1706349206349204
8	0.1710044990746744	0.16458333333333333
9	0.184665637319146	0.15864197530864163
10	0.1930401794436882	0.1494444444444444
11	0.20567184277710587	0.14494949494949513
12	0.22070616517984937	0.14259259259259263
13	0.23269249674951428	0.13803418803418782
14	0.2473662797566307	0.13611111111111115
15	0.2578294431364608	0.13259259259259243
16	0.2635020421423931	0.12743055555555555
17	0.2732908027644871	0.12450980392156837
18	0.2824997573901083	0.1216049382716049
19	0.2882250660320836	0.11754385964912277
20	0.29940390749601276	0.1163888888888889
