1	0.008701499118165784	0.06666666666666667
2	0.017810846560846562	0.06666666666666667
3	0.029021164021164027	0.0703703703703704
4	0.04636924803591471	0.08472222222222223
5	0.08743686868686863	0.1266666666666665
6	0.11126533189033186	0.13518518518518527
7	0.1314696568863236	0.138095238095238
8	0.14702100368767035	0.13541666666666666
9	0.16050464967131634	0.13209876543209859
10	0.1699535032868366	0.12611111111111117
11	0.18092813051146378	0.1222222222222223
12	0.1963275613275614	0.12222222222222229
13	0.20701669472502815	0.11923076923076906
14	0.2219066658649993	0.11825396825396829
15	0.23270252124418805	0.11555555555555544
16	0.2420700056116724	0.1125
17	0.2544377304793973	0.11078431372548998
18	0.26752194564694576	0.10956790123456782
19	0.2784236211319545	0.1076023391812865
20	0.28659201138367807	0.10555555555555556
