1	0.014736050986050984	0.1111111111111111
2	0.028527598944265615	0.10555555555555556
3	0.047275394358727706	0.11481481481481483
4	0.06074451011951013	0.1111111111111111
5	0.08721464719013737	0.12777777777777763
6	0.10674877818260166	0.12962962962962968
7	0.12781451255715956	0.1333333333333332
8	0.1462814237324041	0.13333333333333333
9	0.16198929610694313	0.13209876543209853
10	0.17215945002709704	0.12611111111111123
11	0.18420199852797892	0.12272727272727274
12	0.19290369806301172	0.1180555555555555
13	0.2064207751217554	0.11709401709401687
14	0.2147982001658471	0.11309523809523805
15	0.224673502332816	0.11074074074074058
16	0.23572088088019466	0.10868055555555556
17	0.2469957325717131	0.10751633986928082
18	0.2560565791325597	0.10493827160493817
19	0.2587221234647707	0.10058479532163736
20	0.26418508642773364	0.09750000000000004
