1	0.018685727852394515	0.13333333333333333
2	0.033024552607885935	0.11388888888888889
3	0.05276848151848152	0.12222222222222225
4	0.06570278486945152	0.11527777777777778
5	0.08395861854195184	0.11888888888888878
6	0.08395861854195184	0.09907407407407406
7	0.08395861854195184	0.08492063492063492
8	0.08395861854195184	0.07430555555555556
9	0.08395861854195184	0.0660493827160493
10	0.1346437667271	0.09611111111111104
11	0.16150209358542683	0.10505050505050513
12	0.18200259616926276	0.10925925925925926
13	0.19566902233568895	0.10897435897435881
14	0.21302351969018624	0.10992063492063496
15	0.22732466607466606	0.10925925925925913
16	0.24022355730689052	0.10902777777777778
17	0.2513321246654579	0.10751633986928082
18	0.2636778036778036	0.10648148148148141
19	0.27112970362970357	0.10380116959064319
20	0.27561162602829264	0.10055555555555558
