1	0.02688977144859497	0.2
2	0.0426739712433727	0.15833333333333333
3	0.06014622608404854	0.15370370370370362
4	0.0745405454538581	0.14444444444444443
5	0.095871544128768	0.14999999999999977
6	0.095871544128768	0.12500000000000003
7	0.095871544128768	0.10714285714285705
8	0.095871544128768	0.09375
9	0.095871544128768	0.08333333333333319
10	0.1357774786702805	0.10666666666666666
11	0.15936946254735204	0.11363636363636379
12	0.18109832010954294	0.11851851851851855
13	0.19469840829296442	0.11666666666666645
14	0.209718110812667	0.11666666666666664
15	0.22540519095150155	0.11777777777777759
16	0.23716411104375507	0.115625
17	0.24503889058520126	0.11241830065359452
18	0.2512361809491583	0.10895061728395056
19	0.2623361303824411	0.10730994152046773
20	0.2700630639427079	0.10500000000000011
