1	0.016821678565099616	0.1388888888888889
2	0.029683292260046644	0.11944444444444445
3	0.04421578137586909	0.11481481481481476
4	0.06454486587162026	0.125
5	0.08181545022553792	0.12666666666666648
6	0.08181545022553792	0.1055555555555556
7	0.08181545022553792	0.09047619047619045
8	0.08181545022553792	0.07916666666666666
9	0.08181545022553792	0.07037037037037026
10	0.12073575547259752	0.09333333333333324
11	0.14874052847737046	0.10404040404040416
12	0.17342713816398014	0.11064814814814818
13	0.18827508342859214	0.11153846153846134
14	0.20193622167306371	0.1115079365079365
15	0.21031076379760588	0.10851851851851839
16	0.22294242713102363	0.10798611111111112
17	0.23797674953376718	0.10849673202614359
18	0.24934579715281482	0.10679012345679002
19	0.26346402460437557	0.10672514619883035
20	0.2739271879842056	0.1055555555555556
