1	0.013328924162257498	0.09444444444444444
2	0.0243231922398589	0.08611111111111111
3	0.03973515624573417	0.09629629629629635
4	0.05406756766147891	0.1
5	0.07428181329239117	0.10999999999999989
6	0.07428181329239117	0.09166666666666659
7	0.07428181329239117	0.07857142857142854
8	0.07428181329239117	0.06875
9	0.07428181329239117	0.06111111111111102
10	0.10834832264398825	0.08055555555555546
11	0.13064234522309853	0.08838383838383848
12	0.14701397740355432	0.09120370370370373
13	0.16003176151524967	0.09188034188034175
14	0.173883352008997	0.09285714285714276
15	0.19166573937471773	0.09518518518518511
16	0.20440203086100914	0.0954861111111111
17	0.21272654585219083	0.09379084967320246
18	0.2228964993554777	0.09290123456790113
19	0.22950805138369634	0.09064327485380104
20	0.23820514133078627	0.08916666666666669
