1	0.020380977047643713	0.16111111111111112
2	0.03688801167967834	0.14444444444444443
3	0.04703006869673536	0.12407407407407404
4	0.062495637078970406	0.12083333333333333
5	0.08463380755047417	0.1311111111111109
6	0.08463380755047417	0.10925925925925922
7	0.08463380755047417	0.09365079365079357
8	0.08463380755047417	0.08194444444444444
9	0.08463380755047417	0.07283950617283938
10	0.1246995674079007	0.09777777777777767
11	0.15356410564743891	0.10909090909090922
12	0.17798369840036501	0.11574074074074073
13	0.19114327030993697	0.11495726495726478
14	0.20692796401129748	0.11507936507936517
15	0.22160910077576748	0.1148148148148147
16	0.2325477762977762	0.11319444444444444
17	0.23873203956537287	0.10947712418300633
18	0.24611339278005942	0.10679012345679004
19	0.2577374708624708	0.10614035087719294
20	0.26964463776963765	0.10527777777777783
