1	0.014736050986050984	0.1111111111111111
2	0.028527598944265615	0.10555555555555556
3	0.047275394358727706	0.11481481481481483
4	0.06074451011951013	0.1111111111111111
5	0.07432275286441951	0.10888888888888874
6	0.07432275286441951	0.09074074074074065
7	0.07432275286441951	0.07777777777777777
8	0.07432275286441951	0.06805555555555555
9	0.07432275286441951	0.06049382716049373
10	0.10079288993504676	0.0738888888888888
11	0.1195333701338603	0.07929292929292943
12	0.14059910450841823	0.08564814814814822
13	0.1590660156836627	0.08931623931623918
14	0.17477388805820174	0.09166666666666656
15	0.18443899147330514	0.0899999999999999
16	0.19578709552974244	0.08958333333333333
17	0.2044887950647754	0.08823529411764688
18	0.2180058721235191	0.08919753086419736
19	0.22638329716761085	0.08771929824561388
20	0.2362585993345798	0.08722222222222234
