1	0.01951298701298701	0.13333333333333333
2	0.031278860028860024	0.1111111111111111
3	0.04415804874138207	0.10925925925925926
4	0.058105037663861187	0.1111111111111111
5	0.0736051394139629	0.11111111111111097
6	0.0736051394139629	0.09259259259259256
7	0.0736051394139629	0.07936507936507933
8	0.0736051394139629	0.06944444444444445
9	0.0736051394139629	0.0617283950617283
10	0.11277661608543951	0.08555555555555541
11	0.13743562446993815	0.09444444444444454
12	0.1581481064324201	0.1
13	0.17625236328667693	0.10299145299145282
14	0.19350175967823025	0.1051587301587301
15	0.2087182098946805	0.10592592592592578
16	0.21983645348841424	0.10416666666666667
17	0.23012136374881467	0.10261437908496714
18	0.24352524381936153	0.10216049382716041
19	0.253946838383113	0.10116959064327474
20	0.2615330176359588	0.09916666666666674
