1	0.008701499118165784	0.06666666666666667
2	0.017810846560846562	0.06666666666666667
3	0.029021164021164027	0.0703703703703704
4	0.04636924803591471	0.08472222222222223
5	0.06713664421997753	0.09777777777777771
6	0.06713664421997753	0.08148148148148143
7	0.06713664421997753	0.06984126984126984
8	0.06713664421997753	0.06111111111111111
9	0.06713664421997753	0.054320987654320925
10	0.10696969696969696	0.07722222222222211
11	0.12907858345358342	0.08535353535353549
12	0.14928290844957512	0.09120370370370375
13	0.16483425525092193	0.09316239316239303
14	0.17776234567901233	0.09365079365079357
15	0.1872111992945327	0.09222222222222215
16	0.1981858265191599	0.09166666666666666
17	0.21289081289081302	0.09313725490196063
18	0.22357994628827974	0.09259259259259248
19	0.23846991742825088	0.09327485380116954
20	0.24926577280743956	0.09250000000000005
