1	0.022402096360429693	0.19444444444444445
2	0.03433551787718456	0.14444444444444443
3	0.053014587990078174	0.14814814814814803
4	0.07215319629535309	0.14722222222222223
5	0.09198274174989853	0.14999999999999977
6	0.09198274174989853	0.12500000000000006
7	0.09198274174989853	0.10714285714285704
8	0.09198274174989853	0.09375
9	0.09198274174989853	0.0833333333333332
10	0.12945963441061475	0.10499999999999995
11	0.15224240175220563	0.11161616161616171
12	0.17639244095448936	0.11851851851851847
13	0.19765532930071103	0.12222222222222201
14	0.21412193821830042	0.12301587301587309
15	0.22998269012071898	0.12333333333333316
16	0.23943887663572896	0.12083333333333333
17	0.2488569277204468	0.11830065359477097
18	0.26334377801612074	0.1185185185185185
19	0.270327766250109	0.1152046783625731
20	0.2782352754076181	0.11250000000000004
