1	0.019078544911878242	0.15
2	0.03327353202353203	0.125
3	0.04794751544751543	0.12222222222222216
4	0.06663017538017535	0.12916666666666668
5	0.08470817762484426	0.13111111111111096
6	0.08470817762484426	0.10925925925925922
7	0.08470817762484426	0.0936507936507936
8	0.08470817762484426	0.08194444444444444
9	0.08470817762484426	0.0728395061728394
10	0.12942458775792107	0.09833333333333324
11	0.15404325612658942	0.10707070707070718
12	0.17230810855810852	0.10925925925925926
13	0.18281101614434947	0.10769230769230753
14	0.1986580394913727	0.10912698412698409
15	0.2174255374255374	0.11148148148148135
16	0.22772027355360697	0.10972222222222222
17	0.23752406544073207	0.10751633986928084
18	0.24593055093055088	0.10524691358024685
19	0.2561157361157361	0.10350877192982448
20	0.2687785362785363	0.10277777777777782
