1	0.11098203987477336	0.43944636678200694
2	0.17118278684022636	0.3408304498269896
3	0.22245976822101396	0.2975778546712802
4	0.2600730488273742	0.263840830449827
5	0.28069423847970576	0.22837370242214564
6	0.3104231888833966	0.20934256055363323
7	0.3272381501620258	0.1893227879387051
8	0.35271186906135005	0.17949826989619377
9	0.37244329104190693	0.16878123798539038
10	0.39119020157082435	0.15951557093425633
11	0.40387762948316575	0.14973262032085585
12	0.41803976492557804	0.14186851211072662
13	0.4300735980666776	0.1346819270694703
14	0.44253034547152187	0.12876915472071207
15	0.4535837864557588	0.12295271049596301
16	0.46295930136760577	0.11764705882352941
17	0.4720135112868674	0.11276205984123726
18	0.4787897511945952	0.1080353710111497
19	0.4863005986708406	0.10398834456383181
20	0.49264431262701125	0.10000000000000007
