1	0.07894903059262917	0.328719723183391
2	0.14482616576042187	0.30103806228373703
3	0.18441808095787351	0.2606689734717415
4	0.21926456857252724	0.23183391003460208
5	0.2485541275333664	0.21038062283737055
6	0.27989097599824236	0.1972318339100344
7	0.2980378425880156	0.17993079584775115
8	0.3156890207063217	0.16782006920415224
9	0.337444389520514	0.1603229527104961
10	0.35156807821167685	0.15051903114186876
11	0.36424452133794705	0.14186851211072687
12	0.3820398747734388	0.13581314878892728
13	0.39187675070028005	0.12856002129358526
14	0.40040094469160203	0.12209589718240252
15	0.40983412973032346	0.11672433679354073
16	0.4179409018509364	0.1115916955017301
17	0.42468830669522706	0.1066558111133724
18	0.4334871203383313	0.10265282583621696
19	0.44861042456198147	0.10089236933163365
20	0.4563272367770636	0.09757785467128045
