1	0.11260504201680668	0.4671280276816609
2	0.18220876585928483	0.3771626297577855
3	0.2306640303180096	0.3206459054209917
4	0.2660322952710496	0.27941176470588236
5	0.2990278464326906	0.25259515570934304
6	0.32253666172351286	0.22779700115340248
7	0.34330614598780673	0.20761245674740517
8	0.36035590706870974	0.19117647058823528
9	0.37413906739166247	0.17647058823529435
10	0.3875844455429229	0.16470588235294137
11	0.40067968363816103	0.15476564957533845
12	0.4177500411929477	0.1476355247981546
13	0.4337658592848904	0.14186851211072668
14	0.44078101828966887	0.1342066238260011
15	0.45093919920909553	0.12825836216839676
16	0.45944554292305156	0.12240484429065744
17	0.47170456417861273	0.11825768369631569
18	0.4792593507991433	0.11341791618608238
19	0.4870777722853846	0.10926971407758153
20	0.49697231833910027	0.10605536332179939
