1	0.09939583676607888	0.4013840830449827
2	0.17907672873070804	0.36505190311418684
3	0.23356813313560737	0.31949250288350606
4	0.2759913769429341	0.28460207612456745
5	0.30283270170813437	0.2519031141868517
6	0.32270829900587705	0.2243367935409457
7	0.3395850497061571	0.20266930301532413
8	0.35879744054484547	0.18728373702422146
9	0.37449744603723856	0.17416378316032316
10	0.3887048937221949	0.16332179930795873
11	0.3973924864063273	0.15224913494809705
12	0.4106360191135277	0.1447520184544406
13	0.42139149777558077	0.13681128560021294
14	0.42938292964244523	0.12926347009392014
15	0.4354094579008074	0.12226066897347168
16	0.4451076509034986	0.11721453287197232
17	0.4531814686658977	0.11215143496845079
18	0.4584582852748942	0.10726643598615934
19	0.4753116933047727	0.10508104170460765
20	0.47868951502169477	0.10051903114186858
