1	0.11639753940791994	0.46366782006920415
2	0.19539737463612916	0.3892733564013841
3	0.23756659526555743	0.31949250288350584
4	0.2684997528423134	0.2759515570934256
5	0.29936150930960614	0.24775086505190377
6	0.3211361014994232	0.22260668973471734
7	0.3422763222936233	0.20464656450815655
8	0.3599989015213927	0.18901384083044984
9	0.372579227769539	0.17416378316032324
10	0.3829159114626241	0.16193771626297607
11	0.39246443675509396	0.15067631330607148
12	0.40768935024990377	0.14331026528258375
13	0.41818943263579933	0.13601277615118457
14	0.4310636019113525	0.1304992585269404
15	0.44733481627945265	0.1268742791234141
16	0.4584074806393144	0.12153979238754326
17	0.4635977920579996	0.11540810095664543
18	0.47268495633547525	0.11111111111111127
19	0.4773946833635414	0.106537971225642
20	0.4826179491404403	0.10242214532871988
