1	0.09706019662767058	0.3875432525951557
2	0.16056736420058224	0.31833910034602075
3	0.21712940077991985	0.2883506343713956
4	0.2500768935024991	0.2508650519031142
5	0.2854369198659857	0.22906574394463694
6	0.31220821661998127	0.2093425605536332
7	0.3310800790904598	0.19031141868512133
8	0.3555445707694843	0.17949826989619377
9	0.37400313066403035	0.16801230296039998
10	0.39122727522381506	0.15813148788927348
11	0.4042250233426704	0.14910349166404563
12	0.41547619047619044	0.14129181084198397
13	0.42805651672433676	0.13441575725312757
14	0.4425070028011205	0.12876915472071196
15	0.4514541110561873	0.12272202998846593
16	0.46054951392321647	0.11764705882352941
17	0.477805239742956	0.11520455933238326
18	0.48455264458724673	0.11034217608612093
19	0.4918767507002801	0.10599162265525418
20	0.49631735046959957	0.1015570934256056
