1	0.10275031581259944	0.4117647058823529
2	0.17030263085626415	0.3477508650519031
3	0.21946916021310506	0.3010380622837369
4	0.25429093205909825	0.26211072664359863
5	0.2854836052067887	0.23598615916955057
6	0.3080985335310596	0.21337946943483269
7	0.3344853627725603	0.1992090954028673
8	0.3564370846377769	0.18598615916955016
9	0.37849316197067073	0.17608612072279906
10	0.399022354039655	0.16782006920415257
11	0.4177871148459384	0.16011324315822606
12	0.42575932333717803	0.1499423298731257
13	0.4388257263689789	0.1426670215597551
14	0.45231367056626554	0.13667820069204173
15	0.46313093864996946	0.13056516724336786
16	0.46921925632998274	0.12413494809688581
17	0.4767740429505134	0.11846122532057783
18	0.4857129126160265	0.11418685121107283
19	0.49393090569561127	0.10981606264796949
20	0.5018646674356014	0.10588235294117654
