1	0.09643818311638373	0.4083044982698962
2	0.16029961004009444	0.3391003460207612
3	0.20882215631350598	0.29411764705882365
4	0.24898116109188792	0.2647058823529412
5	0.28107595979568306	0.24013840830449878
6	0.3028134783325096	0.21683967704728932
7	0.31772120612951077	0.1952545724172025
8	0.33736612291975626	0.18122837370242215
9	0.3596061954193442	0.17147251057285678
10	0.37453177349371114	0.16124567474048473
11	0.3917064865161751	0.15287826360490742
12	0.4045065084857472	0.14532871972318337
13	0.4151837205470423	0.13787596486558418
14	0.4234113253144394	0.1304992585269404
15	0.4285522051958037	0.12341407151095722
16	0.43611523040588773	0.11764705882352941
17	0.44285714285714267	0.11276205984123723
18	0.4480268578019441	0.10803537101114968
19	0.4589594661393967	0.10471680932434903
20	0.46662959301367585	0.10103806228373709
