1	0.0890152139287087	0.36678200692041524
2	0.15108062832976324	0.31833910034602075
3	0.2110946339320043	0.3021914648212226
4	0.2543513483824905	0.2742214532871972
5	0.2859971439556214	0.24775086505190352
6	0.3132188169385402	0.22895040369088793
7	0.33925687922227726	0.21255561047948615
8	0.36438457736035607	0.19896193771626297
9	0.3838482451804252	0.18492887351018852
10	0.4008115010710167	0.1733564013840832
11	0.41917806338221564	0.16546083674111386
12	0.43505107925523157	0.15686274509803919
13	0.4508993793595869	0.1498536066010115
14	0.4629661668589004	0.14285714285714288
15	0.4708134234085792	0.13564013840830447
16	0.4840240017575659	0.13083910034602075
17	0.4932319986818257	0.12558518216975356
18	0.5014211566979734	0.12053056516724348
19	0.5080902949415061	0.11600801311236567
20	0.5142651178118308	0.11159169550173015
