1	0.10247706925907608	0.39100346020761245
2	0.1688114461470864	0.32698961937716264
3	0.21425825232053622	0.2768166089965396
4	0.24885483605206798	0.2430795847750865
5	0.28181743285549515	0.22076124567474092
6	0.3050914483440435	0.20011534025374833
7	0.33033997912890645	0.18586258032624842
8	0.34816828692261226	0.17257785467128028
9	0.3668534080298786	0.16186082276047692
10	0.39028121052342507	0.15501730103806263
11	0.40475641236886906	0.14595784837999395
12	0.41851485692316137	0.13869665513264132
13	0.42641566430493766	0.13068937982432796
14	0.43752677541604884	0.12481463173504713
15	0.44352446861097383	0.11810841983852355
16	0.4489536991267094	0.11224048442906574
17	0.45466304168726307	0.1070628943618967
18	0.46594990937551495	0.10380622837370258
19	0.46969846762234313	0.09925332362046996
20	0.4760806283297632	0.09567474048442921
