1	0.07688380952380966	0.3792
2	0.12074730158730183	0.3024
3	0.14567428571428595	0.2447999999999999
4	0.17075619047619076	0.2164
5	0.19486158730158765	0.19712000000000113
6	0.2136596825396827	0.18053333333333357
7	0.2279339682539684	0.16594285714285742
8	0.2404952380952382	0.1532
9	0.2516387301587302	0.14257777777777858
10	0.26290666666666673	0.13424
11	0.2731390476190476	0.12669090909090952
12	0.2813149206349207	0.12013333333333334
13	0.2889663492063493	0.11409230769230824
14	0.2957479365079365	0.10845714285714286
15	0.30142349206349195	0.10325333333333384
16	0.3070717460317459	0.0989
17	0.31413523809523797	0.09515294117647109
18	0.31812761904761894	0.09102222222222264
19	0.32239619047619034	0.08741052631578977
20	0.325664126984127	0.08399999999999994
