1	0.068592380952381	0.3216
2	0.11357460317460334	0.268
3	0.1460107936507939	0.23146666666666638
4	0.16547873015873032	0.1968
5	0.18730222222222243	0.17856000000000094
6	0.20360063492063515	0.16266666666666665
7	0.2200749206349209	0.15131428571428618
8	0.23213015873015894	0.1398
9	0.2431409523809525	0.13048888888888965
10	0.2541980952380953	0.12272000000000027
11	0.26455492063492064	0.11665454545454597
12	0.2740590476190476	0.11066666666666679
13	0.2817212698412698	0.10510769230769283
14	0.2873923809523809	0.09965714285714304
15	0.293760634920635	0.09514666666666712
16	0.30129079365079375	0.0915
17	0.30919301587301595	0.08800000000000038
18	0.3148171428571429	0.08462222222222268
19	0.32119428571428565	0.08185263157894773
20	0.3246666666666667	0.07863999999999992
