1	0.06993015873015879	0.3344
2	0.120448888888889	0.288
3	0.15538666666666678	0.25013333333333343
4	0.18496380952380959	0.2236
5	0.2056996825396826	0.20064000000000093
6	0.22322603174603178	0.182666666666667
7	0.23873841269841278	0.16822857142857164
8	0.251857142857143	0.1566
9	0.26816063492063497	0.14862222222222313
10	0.28184634920634927	0.14031999999999986
11	0.29300571428571437	0.13250909090909146
12	0.3014031746031747	0.12506666666666677
13	0.3090647619047619	0.11852307692307759
14	0.3175142857142857	0.11337142857142848
15	0.32412952380952387	0.10826666666666722
16	0.3316939682539683	0.1035
17	0.33620952380952374	0.09882352941176516
18	0.3430469841269839	0.09537777777777824
19	0.34980444444444425	0.09221052631578988
20	0.35508571428571406	0.08904000000000002
