1	0.07856190476190494	0.3792
2	0.13191174603174613	0.3144
3	0.16728507936507953	0.2629333333333335
4	0.18972507936507962	0.224
5	0.2079796825396827	0.1974400000000009
6	0.22458666666666668	0.1789333333333335
7	0.23575238095238105	0.16228571428571462
8	0.24450666666666676	0.1478
9	0.2587123809523809	0.1392000000000008
10	0.27050920634920633	0.13088000000000002
11	0.2792412698412698	0.12320000000000057
12	0.28882857142857127	0.11720000000000003
13	0.2942660317460316	0.1104000000000006
14	0.3000520634920633	0.10468571428571438
15	0.30612698412698386	0.0997333333333338
16	0.31081904761904733	0.0951
17	0.3187123809523807	0.09176470588235339
18	0.32212571428571407	0.08764444444444489
19	0.3269942857142854	0.08454736842105298
20	0.33395111111111075	0.0819199999999999
