1	0.08046158730158748	0.3888
2	0.12782730158730168	0.3128
3	0.15997777777777797	0.2629333333333337
4	0.18226476190476204	0.2252
5	0.20221523809523817	0.2019200000000009
6	0.21964190476190473	0.18373333333333353
7	0.2319809523809525	0.16754285714285735
8	0.2427003174603176	0.1538
9	0.2556057142857144	0.1436444444444452
10	0.2676361904761906	0.13535999999999998
11	0.2757034920634921	0.12712727272727317
12	0.28509396825396816	0.12039999999999984
13	0.2917612698412697	0.11372307692307759
14	0.2994126984126983	0.1088
15	0.30882539682539667	0.10453333333333382
16	0.3136196825396825	0.0999
17	0.3179879365079364	0.09552941176470635
18	0.322607619047619	0.09173333333333382
19	0.32585650793650783	0.08783157894736877
20	0.3342577777777776	0.08575999999999989
