1	0.07426730158730166	0.3616
2	0.11723619047619063	0.288
3	0.15028571428571436	0.24746666666666664
4	0.17283619047619056	0.2124
5	0.18994666666666685	0.18752000000000105
6	0.20526222222222237	0.16933333333333372
7	0.22247174603174594	0.15725714285714296
8	0.23450603174603166	0.1458
9	0.24769587301587295	0.13688888888888975
10	0.2593777777777778	0.12896
11	0.26861714285714294	0.12174545454545511
12	0.27676888888888906	0.11533333333333344
13	0.2863504761904763	0.1100307692307699
14	0.29136761904761904	0.10400000000000005
15	0.2988253968253968	0.0999466666666672
16	0.3052133333333334	0.096
17	0.30902158730158735	0.0916705882352946
18	0.3144787301587301	0.08817777777777827
19	0.32038920634920626	0.08538947368421089
20	0.3255549206349207	0.08247999999999989
