1	0.0808723809523811	0.3888
2	0.13122984126984136	0.3216
3	0.16767936507936512	0.27200000000000074
4	0.19141079365079378	0.234
5	0.21296000000000026	0.20832000000000084
6	0.22667365079365095	0.18560000000000032
7	0.24219174603174606	0.17120000000000016
8	0.2554438095238094	0.1588
9	0.26738984126984117	0.14808888888888966
10	0.2767555555555555	0.13871999999999998
11	0.2874431746031744	0.1307636363636369
12	0.29736952380952353	0.1244
13	0.3041155555555553	0.11766153846153907
14	0.3099307936507934	0.1114285714285714
15	0.31617650793650776	0.10624000000000051
16	0.32083809523809514	0.1012
17	0.3253885714285713	0.09675294117647097
18	0.3305619047619046	0.09271111111111156
19	0.33391682539682527	0.08884210526315824
20	0.33804253968253956	0.0856
