1	0.07551428571428585	0.3696
2	0.12885714285714295	0.3136
3	0.16451301587301592	0.26720000000000066
4	0.18952571428571438	0.232
5	0.21237650793650822	0.20832000000000084
6	0.22719301587301616	0.18720000000000028
7	0.2422368253968255	0.17120000000000027
8	0.2520215873015873	0.1568
9	0.2628476190476191	0.1461333333333341
10	0.27225777777777777	0.13664
11	0.2800615873015872	0.12814545454545506
12	0.2901269841269839	0.12200000000000011
13	0.29755746031746005	0.1155692307692314
14	0.30480571428571424	0.10982857142857143
15	0.3101473015873015	0.10464000000000051
16	0.31370031746031735	0.0993
17	0.32068444444444444	0.09562352941176513
18	0.32470158730158727	0.09155555555555597
19	0.3282482539682539	0.08774736842105295
20	0.3318273015873015	0.0844
