1	0.07047238095238101	0.3312
2	0.1206342857142859	0.2832
3	0.14800571428571452	0.2341333333333331
4	0.17182222222222238	0.2056
5	0.18901587301587316	0.18048000000000092
6	0.20099936507936528	0.1613333333333333
7	0.21548571428571445	0.14834285714285755
8	0.22638031746031764	0.1364
9	0.23735111111111118	0.12728888888888956
10	0.24635555555555558	0.1195200000000003
11	0.25691746031746027	0.1133090909090913
12	0.2660984126984127	0.10786666666666672
13	0.27547999999999995	0.10301538461538509
14	0.28454857142857143	0.09908571428571447
15	0.28985714285714287	0.09397333333333378
16	0.2970260317460317	0.0902
17	0.302351746031746	0.08640000000000038
18	0.3073828571428571	0.08302222222222268
19	0.3108685714285715	0.0796631578947372
20	0.3135619047619048	0.07647999999999998
