1	0.08132634920634936	0.3888
2	0.13097396825396837	0.3128
3	0.1620317460317462	0.25706666666666683
4	0.1836387301587304	0.2188
5	0.201089523809524	0.19232000000000088
6	0.21514984126984135	0.17253333333333348
7	0.2308215873015873	0.15977142857142893
8	0.2449822222222223	0.1478
9	0.254647619047619	0.13688888888888964
10	0.2628101587301586	0.12752000000000016
11	0.2697619047619047	0.11927272727272768
12	0.27725269841269834	0.11266666666666675
13	0.2834812698412697	0.10621538461538518
14	0.2886361904761903	0.10068571428571442
15	0.2959314285714284	0.09642666666666716
16	0.30229968253968237	0.0925
17	0.30947936507936485	0.08912941176470632
18	0.3155079365079362	0.08586666666666706
19	0.3214584126984123	0.08277894736842133
20	0.3243536507936504	0.07935999999999992
