1	0.07337015873015879	0.3472
2	0.12049650793650815	0.2904
3	0.16047746031746052	0.25760000000000005
4	0.17784952380952398	0.2168
5	0.19811111111111132	0.19360000000000097
6	0.2121326984126986	0.17413333333333345
7	0.22257460317460323	0.1568000000000003
8	0.23731809523809538	0.146
9	0.24886476190476187	0.13671111111111178
10	0.2591853968253967	0.12847999999999998
11	0.2705803174603174	0.12218181818181854
12	0.27852126984126974	0.11560000000000002
13	0.2868698412698412	0.11015384615384674
14	0.2914717460317459	0.10422857142857156
15	0.2963822222222221	0.09898666666666713
16	0.3000838095238094	0.0942
17	0.3046158730158729	0.09016470588235335
18	0.30804825396825397	0.08622222222222269
19	0.3135479365079365	0.08311578947368456
20	0.3167879365079365	0.07967999999999993
