1	0.07650666666666679	0.3728
2	0.118913650793651	0.2968
3	0.1450958730158732	0.24213333333333326
4	0.17219619047619072	0.2164
5	0.19045015873015894	0.19360000000000105
6	0.21100761904761944	0.18000000000000027
7	0.2244349206349209	0.16388571428571458
8	0.2373346031746033	0.1514
9	0.24969523809523822	0.14186666666666753
10	0.2575587301587304	0.13216000000000014
11	0.26570285714285735	0.12407272727272771
12	0.27205396825396827	0.11680000000000011
13	0.27715111111111124	0.10978461538461588
14	0.28223047619047625	0.10400000000000013
15	0.28960317460317475	0.09952000000000044
16	0.2976380952380953	0.0956
17	0.30003809523809527	0.09072941176470631
18	0.3051911111111111	0.08711111111111157
19	0.31016126984126985	0.08412631578947402
20	0.31474349206349206	0.08119999999999993
