1	0.06897968253968265	0.344
2	0.11419619047619071	0.2832
3	0.14582857142857172	0.2453333333333333
4	0.1675282539682542	0.2132
5	0.18339619047619077	0.18560000000000101
6	0.1988057142857145	0.16880000000000034
7	0.21344000000000016	0.15542857142857164
8	0.22489079365079373	0.1444
9	0.23456317460317455	0.13440000000000074
10	0.24288698412698403	0.12528000000000006
11	0.2525574603174602	0.11854545454545502
12	0.25931174603174584	0.11160000000000002
13	0.26540444444444433	0.10547692307692355
14	0.27114158730158733	0.09988571428571434
15	0.27636507936507954	0.0952533333333338
16	0.2822628571428572	0.0912
17	0.28692634920634924	0.08724705882352976
18	0.2923771428571429	0.0840000000000005
19	0.2966425396825396	0.08084210526315828
20	0.30094603174603163	0.07791999999999998
