1	0.07387174603174611	0.3616
2	0.11937460317460334	0.2912
3	0.14533523809523827	0.23786666666666662
4	0.1731676190476192	0.2128
5	0.19032571428571438	0.18720000000000098
6	0.20680063492063505	0.1701333333333337
7	0.22119746031746032	0.1561142857142858
8	0.2334850793650793	0.145
9	0.2475409523809524	0.13688888888888984
10	0.2567022222222222	0.12816000000000002
11	0.2638634920634922	0.12029090909090967
12	0.2728641269841271	0.1142666666666667
13	0.2802253968253971	0.10843076923076983
14	0.28362730158730176	0.10182857142857156
15	0.29251746031746045	0.09792000000000053
16	0.29755238095238107	0.0934
17	0.3012361904761906	0.08894117647058868
18	0.3047314285714286	0.0848888888888894
19	0.3070044444444445	0.08126315789473726
20	0.3115479365079365	0.07855999999999991
