1	0.08067492063492081	0.392
2	0.12957714285714297	0.3152
3	0.15980952380952396	0.2618666666666671
4	0.18371809523809537	0.2284
5	0.19799619047619058	0.19872000000000106
6	0.21317841269841273	0.18000000000000022
7	0.2272349206349207	0.16434285714285737
8	0.23883174603174612	0.1512
9	0.25165396825396835	0.1409777777777787
10	0.2617428571428572	0.13216
11	0.26977904761904753	0.12407272727272778
12	0.27810730158730146	0.1173333333333332
13	0.28940825396825387	0.11286153846153921
14	0.2964717460317459	0.10731428571428568
15	0.3030304761904761	0.1028266666666672
16	0.3063695238095236	0.0977
17	0.30936888888888864	0.09289411764705928
18	0.3159612698412696	0.08968888888888936
19	0.3206387301587299	0.08640000000000035
20	0.32689333333333315	0.08367999999999988
