1	0.06911301587301595	0.3312
2	0.11826095238095252	0.284
3	0.1559263492063493	0.2528
4	0.17928888888888894	0.2172
5	0.19969523809523823	0.19584000000000093
6	0.22033841269841287	0.18106666666666704
7	0.2353530158730159	0.16617142857142864
8	0.25258984126984135	0.1568
9	0.2632800000000002	0.14577777777777856
10	0.2734507936507938	0.136
11	0.2823034920634921	0.127854545454546
12	0.29109587301587303	0.12133333333333346
13	0.29946603174603176	0.11507692307692377
14	0.30720000000000003	0.10994285714285704
15	0.3131949206349207	0.10453333333333387
16	0.3162209523809524	0.0992
17	0.3210228571428571	0.09477647058823575
18	0.3268380952380952	0.09111111111111161
19	0.3309066666666667	0.08749473684210568
20	0.33492380952380957	0.08431999999999996
