1	0.07226158730158741	0.352
2	0.11331428571428583	0.2768
3	0.14203492063492082	0.2341333333333331
4	0.16266095238095257	0.2012
5	0.1835104761904764	0.180800000000001
6	0.20489714285714322	0.16933333333333347
7	0.2196565079365082	0.1558857142857145
8	0.2317466666666669	0.1446
9	0.242010158730159	0.1338666666666675
10	0.24810984126984145	0.12400000000000032
11	0.2558025396825398	0.11636363636363674
12	0.2631619047619047	0.10986666666666663
13	0.2705326984126984	0.10424615384615434
14	0.27885841269841266	0.09965714285714304
15	0.2847352380952381	0.09525333333333383
16	0.28937015873015864	0.091
17	0.2951517460317459	0.08762352941176518
18	0.3002298412698411	0.08435555555555613
19	0.3023003174603173	0.08058947368421097
20	0.306446984126984	0.07767999999999992
