1	0.0903923253150057	0.38917525773195877
2	0.15126411389297997	0.3286082474226804
3	0.19547025855015565	0.28522336769759415
4	0.23222058582883337	0.2545103092783505
5	0.26709621993127164	0.2345360824742276
6	0.28641793487154327	0.21005154639175283
7	0.3060802241858945	0.19219440353460998
8	0.32542034855179197	0.17880154639175258
9	0.34470319914907566	0.16838487972508634
10	0.35151775486827047	0.1548969072164951
11	0.36625654557355575	0.1473758200562327
12	0.37510329733267866	0.13853092783505158
13	0.3877311405661921	0.13263283108643967
14	0.3943339878906889	0.12536818851251863
15	0.4005798969072164	0.11924398625429582
16	0.4094205121911305	0.11404639175257732
17	0.4209642448044506	0.11052152819890852
18	0.4306322614956633	0.10652920962199346
19	0.43353174603174577	0.10173629951166598
20	0.4374836360661102	0.09742268041237112
