1	0.1027593683521519	0.44329896907216493
2	0.16376922762232055	0.3543814432989691
3	0.2122473817705778	0.3118556701030924
4	0.24289089347079046	0.2699742268041237
5	0.26749099983636065	0.2386597938144337
6	0.28857286041564395	0.21649484536082503
7	0.3060597692685322	0.19734904270986778
8	0.32368372606774665	0.18266752577319587
9	0.34232224676812295	0.17153493699885508
10	0.3580776468663067	0.16108247422680452
11	0.3697093356242839	0.15159325210871644
12	0.38137068401243646	0.14368556701030943
13	0.3932324905907379	0.13659793814433027
14	0.4038854115529372	0.1299705449189986
15	0.4099666584846996	0.12319587628866013
16	0.4205183276059564	0.11839561855670103
17	0.4240652102765504	0.11234081261370554
18	0.4280416462117494	0.10710194730813331
19	0.4358758795614467	0.1034997287032016
20	0.4414907543773524	0.09961340206185566
