1	0.0852182539682539	0.36597938144329895
2	0.1465328915071185	0.31958762886597936
3	0.1812500000000001	0.26718213058419227
4	0.2096536982490592	0.2345360824742268
5	0.2359280396007201	0.21134020618556768
6	0.26372422680412366	0.19802405498281786
7	0.277291973490427	0.17930780559646567
8	0.2986673621338569	0.16881443298969073
9	0.3168722385861561	0.15864833906071066
10	0.33148932253313684	0.1497422680412375
11	0.3394196939944363	0.14011246485473328
12	0.34764768450335454	0.13187285223367703
13	0.3638254786450662	0.12708168120539276
14	0.3752157993781704	0.12131811487481614
15	0.38873036327933225	0.11752577319587651
16	0.39638868433971514	0.11275773195876289
17	0.40397029945999	0.10839902971497892
18	0.4122606774668627	0.10481099656357422
19	0.41857511045655343	0.10078676071622374
20	0.42501022745868083	0.09742268041237112
