1	0.09879929635084274	0.42783505154639173
2	0.1737757731958763	0.37628865979381443
3	0.2254765995745378	0.3247422680412369
4	0.26238749795450833	0.28350515463917525
5	0.29477070037637065	0.25618556701031003
6	0.3142662821142205	0.22895189003436422
7	0.3298079283259697	0.20655375552282812
8	0.3465236867943055	0.19072164948453607
9	0.3613954344624448	0.17668957617411266
10	0.37117390770741265	0.16365979381443327
11	0.38636168384879693	0.15370196813495812
12	0.3998557928325967	0.14561855670103105
13	0.4078311651120928	0.13758921490880283
14	0.4145321960399278	0.1301546391752579
15	0.4236939535264276	0.12405498281786967
16	0.4300544100801831	0.11839561855670103
17	0.43656521027655026	0.11309884778653742
18	0.444643879888725	0.10896334478808722
19	0.45148400425462254	0.10472056429734138
20	0.4594798314514807	0.101159793814433
