1	0.0832504909180166	0.3711340206185567
2	0.14987931598756357	0.3337628865979381
3	0.19030027818687625	0.28780068728522284
4	0.22200233186057916	0.2545103092783505
5	0.2576378661430208	0.23711340206185635
6	0.29028902798232703	0.22207903780068738
7	0.313734454262805	0.2065537555228279
8	0.334316192112584	0.19201030927835053
9	0.3549040664375718	0.18127147766323082
10	0.36836135657011965	0.17036082474226832
11	0.38321264932089677	0.16073102155576408
12	0.39957044673539527	0.15335051546391745
13	0.4132517182130585	0.14651070578905667
14	0.42323371788577985	0.13954344624447726
15	0.43284446080837835	0.13316151202749174
16	0.43875388643429875	0.12661082474226804
17	0.44559401080019617	0.12098241358399053
18	0.4505256913762065	0.11583619702176447
19	0.45738013418425744	0.11136733586543716
20	0.4627925053182782	0.10695876288659785
