1	0.09902532318769436	0.40463917525773196
2	0.14787882506954686	0.3015463917525773
3	0.18415357551955508	0.2534364261168383
4	0.21485845197185427	0.22293814432989692
5	0.24982715594829025	0.20721649484536153
6	0.27208721976763245	0.188573883161512
7	0.2898584519718542	0.17231222385861605
8	0.3152450499099986	0.163659793814433
9	0.33038987072492243	0.15292096219931314
10	0.34332249222713157	0.14355670103092827
11	0.3554860088365244	0.1347235238987818
12	0.36522561773850454	0.12714776632302402
13	0.3776397070855835	0.12153053132434592
14	0.3894381034200623	0.11597938144329928
15	0.3994743086237934	0.11134020618556714
16	0.41025609556537423	0.10711984536082474
17	0.4184677221404027	0.10309278350515468
18	0.4262671821305843	0.09922680412371164
19	0.43206615120274927	0.09522517634291937
20	0.4365150957290133	0.09149484536082485
