1	0.09463569792178042	0.4175257731958763
2	0.15656500572737694	0.34664948453608246
3	0.2033085828833253	0.30068728522336735
4	0.23988913434789733	0.26804123711340205
5	0.26780805105547373	0.23969072164948518
6	0.29029618720340367	0.21692439862542953
7	0.31712383406971034	0.2028718703976439
8	0.3320027409589266	0.18621134020618557
9	0.3461125429553265	0.1729667812142043
10	0.35831799214531196	0.1613402061855674
11	0.370551055473736	0.15229615745079697
12	0.37988565701194593	0.14347079037800695
13	0.39105199639993476	0.1363996827914357
14	0.40290766650302745	0.13033873343151703
15	0.4114230486008839	0.12422680412371162
16	0.418412493863525	0.11871778350515463
17	0.4247054491899854	0.11325045482110382
18	0.43538291605301926	0.10953608247422696
19	0.4426485027000492	0.1053988062940858
20	0.454707699230895	0.1027061855670104
