1	0.09944158075601375	0.422680412371134
2	0.16181476026836863	0.3389175257731959
3	0.20485395189003455	0.2886597938144328
4	0.23354504172803148	0.24677835051546393
5	0.2591382343315333	0.21958762886597996
6	0.28805944198985445	0.2040378006872852
7	0.3090932335133367	0.18740795287187076
8	0.32211483390607104	0.17106958762886598
9	0.3426382752413681	0.16237113402061895
10	0.35450417280314195	0.15128865979381473
11	0.36597938144329906	0.14222118088097507
12	0.3737829324169531	0.13337628865979384
13	0.3819935362461137	0.12609040444092012
14	0.38879070528555065	0.11929307805596491
15	0.3974165439371624	0.11391752577319608
16	0.40586647029946	0.1092139175257732
17	0.41336524300441835	0.1046088538508188
18	0.4224206349206349	0.1010882016036658
19	0.4294530355097365	0.09753119913185045
20	0.4334867452135494	0.09368556701030928
