1	0.0912943871706758	0.38402061855670105
2	0.1490386188839798	0.3118556701030928
3	0.1921606529209624	0.27061855670103063
4	0.23204262804778295	0.24742268041237114
5	0.26325887743413534	0.22628865979381504
6	0.28433460153821016	0.20446735395189003
7	0.3042576910489285	0.18777614138438914
8	0.3239404352806418	0.17525773195876287
9	0.3315650057273772	0.15979381443299
10	0.3422823596792672	0.1489690721649489
11	0.35129070528555095	0.1394095595126525
12	0.36523993618065803	0.13316151202749132
13	0.3748005645557193	0.12648691514670918
14	0.38244456717394865	0.1202135493372609
15	0.3951726395025363	0.11615120274914105
16	0.40030580101456387	0.11050257731958762
17	0.4049122484045165	0.10521528198908434
18	0.4141578710522011	0.10166093928980557
19	0.4180698739977092	0.09725990233315265
20	0.4238933889707087	0.09368556701030938
