1	0.09264134347897232	0.4097938144329897
2	0.1463027736867944	0.32087628865979384
3	0.19172803141875314	0.28092783505154606
4	0.2227918916707578	0.24677835051546393
5	0.24017754868270355	0.21237113402061916
6	0.263504336442481	0.19458762886597947
7	0.2854493945344464	0.1807805596465393
8	0.30183889707085615	0.16752577319587628
9	0.317377475045001	0.15836197021764065
10	0.3272817460317461	0.14664948453608284
11	0.3387139993454428	0.13823805060918495
12	0.34865611192930784	0.130798969072165
13	0.358570610374734	0.12450436161776386
14	0.3711135657011945	0.11929307805596484
15	0.3781009654720994	0.11357388316151217
16	0.3884808132875143	0.1095360824742268
17	0.3945375143184421	0.10476046088538518
18	0.40255788741613485	0.10108820160366576
19	0.40645250368188524	0.09685295713510597
20	0.4165960972017675	0.0942010309278351
