1	0.07762261767452075	0.328719723183391
2	0.14298896028999838	0.2975778546712803
3	0.18302987861811407	0.25720876585928487
4	0.22987587191739453	0.24048442906574394
5	0.2547014884385127	0.21591695501730127
6	0.280642060745867	0.19838523644752007
7	0.2991143516230021	0.18190805734058352
8	0.3209136595814796	0.1708477508650519
9	0.3452724226945679	0.1637831603229529
10	0.35785824133575	0.1532871972318341
11	0.3723760092272203	0.14469959106637345
12	0.3881199538638985	0.13783160322952714
13	0.4058040863404185	0.13281873835507055
14	0.41878810347668477	0.12753336628769169
15	0.4322472126105342	0.12318339100346017
16	0.4461539517767889	0.11916089965397923
17	0.45431839402427604	0.11459393445959672
18	0.45904734442796696	0.10918877354863532
19	0.46308425330916664	0.1041704607539611
20	0.4666598011753719	0.09965397923875449
