1	0.09745976822101382	0.3737024221453287
2	0.17573186137199992	0.3391003460207612
3	0.21852584170923287	0.2825836216839676
4	0.25496786950074163	0.24826989619377163
5	0.28908386884165427	0.22698961937716305
6	0.31377492173339916	0.20588235294117624
7	0.33610699181633436	0.18932278793870524
8	0.3531526336024605	0.17517301038062283
9	0.37003899599055307	0.16378316032295295
10	0.38489317295545666	0.15397923875432565
11	0.4067254352721479	0.1481597986788301
12	0.41881144614708615	0.13985005767012693
13	0.42680837040698616	0.13175405908969928
14	0.4353765035425934	0.12506178942165114
15	0.4415472071181412	0.1185697808535178
16	0.45573405832921404	0.11461937716262975
17	0.4641868512110728	0.10991247710156697
18	0.47237600922722034	0.10534409842368339
19	0.48071346185533054	0.10162083409215093
20	0.48792222771461546	0.09775086505190322
