1	0.09184516944032509	0.39100346020761245
2	0.15935217224144557	0.3391003460207612
3	0.2116809468885595	0.2998846597462516
4	0.24942329873125738	0.2629757785467128
5	0.284301367605866	0.24152249134948145
6	0.3088523644752019	0.21914648212226043
7	0.3272903278958643	0.1997034107760756
8	0.3502347998022738	0.18728373702422146
9	0.35908716427747556	0.17108804306036157
10	0.37911517548195733	0.16262975778546734
11	0.39391992090954026	0.15350739226171778
12	0.40953204811336297	0.14648212226066895
13	0.41920964464217053	0.13867447431461266
14	0.4330394903059262	0.13297083539298096
15	0.4382298017246113	0.12549019607843126
16	0.44501565332015147	0.11959342560553633
17	0.4539682539682539	0.11459393445959669
18	0.4603641456582633	0.11014994232987331
19	0.4708106772120612	0.10653797122564206
20	0.4798442906574394	0.10328719723183401
