1	0.09810375130444325	0.3944636678200692
2	0.16917394408743902	0.3477508650519031
3	0.22165650573955092	0.303344867358708
4	0.2539435381995937	0.2629757785467128
5	0.28380155983962235	0.2346020761245679
6	0.3141181962981273	0.21856978085351783
7	0.3375556104794862	0.20168067226890785
8	0.35547591585653887	0.18641868512110726
9	0.3753940792003077	0.17493271818531353
10	0.39751881144614704	0.16678200692041553
11	0.41307876091613105	0.15791129285938998
12	0.4243903443730433	0.14907727797001152
13	0.4391044653155379	0.14240085174341227
14	0.4477439995606084	0.13519525457241743
15	0.4630883726039433	0.13033448673587078
16	0.4732657768989946	0.12521626297577854
17	0.4805418245729662	0.11968247506615082
18	0.49513648596693555	0.11610918877354881
19	0.5052905475915854	0.11236568930977979
20	0.5153059262920852	0.10865051903114195
