1	0.09933404734442788	0.39100346020761245
2	0.16238809249189876	0.3235294117647059
3	0.2141648816389301	0.28258362168396767
4	0.2523548635140331	0.2508650519031142
5	0.29086615038172126	0.2332179930795849
6	0.31522491349480963	0.21164936562860434
7	0.3339512275498436	0.19327731092436992
8	0.3549143186686441	0.17993079584775087
9	0.3770239468336355	0.17031910803537112
10	0.39749684187400464	0.16089965397923894
11	0.40941533476135555	0.15036174897766622
12	0.42569478771900915	0.14359861591695508
13	0.4348286373372877	0.13601277615118454
14	0.4445831273685945	0.12926347009392003
15	0.45176717745921885	0.12272202998846593
16	0.4645205140879881	0.1185121107266436
17	0.4735678585159553	0.11418685121107242
18	0.4815840061514801	0.10957324106113052
19	0.49236831987697044	0.10599162265525416
20	0.49897566869885196	0.10224913494809697
