1	0.11705662657219743	0.4671280276816609
2	0.1934036359641898	0.38581314878892736
3	0.23913741967375207	0.3252595155709339
4	0.2769731421980558	0.2828719723183391
5	0.3040341626846817	0.24982698961937785
6	0.32340445982314486	0.2226066897347172
7	0.34297248311089135	0.20365793376174035
8	0.3565139781402757	0.18641868512110726
9	0.3737655846652385	0.17416378316032322
10	0.38703383314109935	0.1629757785467131
11	0.404027297193387	0.1553947782321488
12	0.41659938485197995	0.14677047289504047
13	0.4340198824627889	0.14107000266169833
14	0.4437743724940955	0.1342066238260011
15	0.453251496677102	0.12802768166089967
16	0.462132696215741	0.12218858131487889
17	0.4753185587960674	0.1184612253205779
18	0.4818929532597351	0.11341791618608245
19	0.49094716317899684	0.10926971407758157
20	0.49894408743889695	0.10536332179930809
