1	0.10441313780414115	0.4186851211072664
2	0.18168012302960412	0.370242214532872
3	0.23056242104685026	0.31718569780853495
4	0.27354451584555395	0.2811418685121107
5	0.3056310759597958	0.2532871972318344
6	0.3315043664524635	0.22895040369088798
7	0.3438869665513264	0.2036579337617404
8	0.3636884165430878	0.1894463667820069
9	0.3792016806722689	0.1760861207227992
10	0.39042263964409296	0.16297577854671302
11	0.4015076618882847	0.1528782636049074
12	0.41720217498764217	0.14590542099192616
13	0.42516477179106943	0.13760979504924145
14	0.43776981380787616	0.13099357390014854
15	0.4452133794694349	0.12479815455593998
16	0.4598698302850551	0.12067474048442907
17	0.4668767507002801	0.11540810095664542
18	0.47275910364145646	0.1105344098423685
19	0.4824284615807106	0.10690220360590069
20	0.48747459768220996	0.1025951557093426
