1	0.10706870983687587	0.4290657439446367
2	0.1650985884549899	0.328719723183391
3	0.2139245894436206	0.28719723183391
4	0.2534615807107157	0.25519031141868515
5	0.28544378535728027	0.23044982698961974
6	0.30883726039435394	0.20818915801614757
7	0.33503322897786575	0.19426594167078629
8	0.35726918218267695	0.18166089965397925
9	0.36958587356511224	0.1672433679354097
10	0.39421925632998295	0.1602076124567477
11	0.40676662821991527	0.15036174897766613
12	0.4155036524413686	0.14071510957324102
13	0.4298140824957432	0.13468192706947033
14	0.44088674685560486	0.128274839347504
15	0.44477948041961873	0.1208765859284889
16	0.4547564123688691	0.11591695501730104
17	0.4664442247487228	0.11194789334418861
18	0.4742296918767506	0.10745866974240692
19	0.48303674410940817	0.1038062283737025
20	0.4920909540286699	0.10034602076124577
