1	0.08811171527434498	0.36678200692041524
2	0.1486447520184544	0.31141868512110726
3	0.2138531883341573	0.30334486735870814
4	0.25545669248091407	0.2742214532871972
5	0.29691602131048495	0.25536332179930826
6	0.3190682155215026	0.22895040369088798
7	0.34792112923600804	0.21453287197231852
8	0.37230460811775695	0.20155709342560554
9	0.3918643928159499	0.18838908112264535
10	0.4058136980282309	0.17612456747404862
11	0.42373263030702485	0.16703365838313966
12	0.43933239962651727	0.15859284890426759
13	0.45138957543801844	0.15065211605003995
14	0.4643735925742848	0.14384577360355905
15	0.47632503981984964	0.13748558246828138
16	0.4864694897566871	0.1319204152249135
17	0.4956527709122866	0.1266028902910644
18	0.502606140495414	0.12129950019223396
19	0.5101897621793817	0.11673647787288295
20	0.5190174108859231	0.1129757785467128
