1	0.10741473059812152	0.43944636678200694
2	0.18177212061295106	0.3737024221453287
3	0.23147141209424954	0.3206459054209916
4	0.26690558576371726	0.28027681660899656
5	0.30131405503377806	0.2539792387543258
6	0.3300996869335969	0.23183391003460202
7	0.3482492997198879	0.21107266435986194
8	0.36875514911847085	0.19506920415224913
9	0.3847050584939858	0.18185313341022707
10	0.4000288350634371	0.17093425605536353
11	0.42154803097709675	0.16325888644227782
12	0.4342931290163124	0.15369088811995396
13	0.4458024386225079	0.14559488953952626
14	0.4526940187839842	0.13741967375185377
15	0.4603353105948262	0.13079584775086506
16	0.46772120612951074	0.1245674740484429
17	0.4754778381941012	0.11927539181762653
18	0.4838152908222113	0.11476355247981557
19	0.4900766188828471	0.11018029502822803
20	0.49959218981710324	0.10640138408304509
