1	0.10473544973544972	0.42777777777777776
2	0.17775132275132263	0.35833333333333334
3	0.24581349206349204	0.3240740740740742
4	0.28253968253968254	0.2833333333333333
5	0.3045767195767196	0.2433333333333333
6	0.32869708994708996	0.21851851851851845
7	0.354484126984127	0.20396825396825394
8	0.3764285714285715	0.18958333333333333
9	0.3965740740740742	0.1777777777777774
10	0.4068981481481483	0.1644444444444445
11	0.42333994708994727	0.1560606060606062
12	0.442883597883598	0.15046296296296297
13	0.4574206349206351	0.14316239316239285
14	0.4656613756613758	0.1357142857142857
15	0.4737235449735451	0.12925925925925902
16	0.48566798941798955	0.12395833333333334
17	0.4900198412698414	0.11764705882352915
18	0.503075396825397	0.1141975308641974
19	0.5102579365079367	0.10994152046783606
20	0.5191600529100531	0.10666666666666678
