1	0.12182539682539678	0.45555555555555555
2	0.20196428571428576	0.3861111111111111
3	0.2614087301587303	0.33148148148148154
4	0.2903968253968254	0.2791666666666667
5	0.33178571428571424	0.25666666666666654
6	0.36724867724867716	0.23703703703703707
7	0.39039682539682546	0.2166666666666665
8	0.41141534391534407	0.19930555555555557
9	0.4350264550264551	0.1882716049382713
10	0.44539682539682546	0.17388888888888893
11	0.4659589947089949	0.16565656565656597
12	0.47281084656084676	0.15416666666666667
13	0.48517857142857157	0.1457264957264954
14	0.49416005291005305	0.13769841269841274
15	0.5012896825396826	0.13037037037037016
16	0.5096759259259263	0.12430555555555556
17	0.5220833333333336	0.11993464052287553
18	0.526851851851852	0.11450617283950609
19	0.5315740740740743	0.10964912280701743
20	0.5359259259259261	0.1050000000000001
