1	0.0794907407407407	0.3111111111111111
2	0.14237433862433854	0.2777777777777778
3	0.1797332451499117	0.23703703703703702
4	0.21683201058201054	0.21388888888888888
5	0.26018738977072314	0.2066666666666667
6	0.2891909171075838	0.19166666666666668
7	0.314537037037037	0.18015873015872994
8	0.34029320987654327	0.17222222222222222
9	0.3546053791887126	0.15987654320987627
10	0.36800044091710765	0.14944444444444457
11	0.38555335097001764	0.14191919191919203
12	0.3995348324514992	0.13472222222222222
13	0.41687169312169314	0.12991452991452968
14	0.43043650793650784	0.12460317460317463
15	0.44460978835978826	0.12074074074074059
16	0.4566071428571429	0.11666666666666667
17	0.4611044973544974	0.1111111111111109
18	0.47008597883597875	0.10709876543209873
19	0.4750859788359787	0.10263157894736835
20	0.4853328924162256	0.0997222222222223
