1	0.10016534391534392	0.4
2	0.16561948853615516	0.33611111111111114
3	0.21630291005290997	0.2962962962962964
4	0.27050705467372144	0.28194444444444444
5	0.3164462081128749	0.26555555555555577
6	0.34183862433862455	0.23981481481481476
7	0.3702777777777779	0.2238095238095238
8	0.38755291005291015	0.2048611111111111
9	0.413399470899471	0.1950617283950615
10	0.4252513227513229	0.18000000000000022
11	0.446523368606702	0.1722222222222224
12	0.46108245149911825	0.16388888888888878
13	0.4807120811287478	0.1576923076923074
14	0.4972001763668431	0.15158730158730171
15	0.5093430335097002	0.14518518518518497
16	0.5217504409171075	0.13923611111111112
17	0.5336155202821871	0.1343137254901958
18	0.5406988536155203	0.12901234567901235
19	0.5500970017636684	0.12426900584795318
20	0.5591710758377424	0.12000000000000002
