1	0.10183201058201055	0.39444444444444443
2	0.17101851851851838	0.3333333333333333
3	0.21770502645502643	0.28888888888888914
4	0.2793055555555557	0.28055555555555556
5	0.3228769841269843	0.2577777777777778
6	0.3624669312169314	0.2416666666666665
7	0.38446428571428576	0.21904761904761902
8	0.4015013227513227	0.2
9	0.4212764550264549	0.1870370370370367
10	0.4448412698412696	0.17833333333333343
11	0.4741468253968252	0.17222222222222236
12	0.4875859788359786	0.1634259259259259
13	0.4986044973544971	0.15427350427350392
14	0.5050925925925924	0.1456349206349207
15	0.5099074074074071	0.13740740740740714
16	0.5261177248677247	0.1329861111111111
17	0.5318584656084654	0.1264705882352938
18	0.5420436507936507	0.12160493827160491
19	0.5494113756613755	0.1169590643274853
20	0.5586309523809523	0.11305555555555559
