1	0.09972883597883596	0.37777777777777777
2	0.17996693121693122	0.3388888888888889
3	0.22659391534391532	0.28333333333333327
4	0.2660383597883597	0.24861111111111112
5	0.31457010582010575	0.23555555555555543
6	0.3479034391534391	0.2175925925925927
7	0.3723611111111111	0.20158730158730145
8	0.39254629629629645	0.18611111111111112
9	0.4129232804232804	0.17469135802469096
10	0.422830687830688	0.16111111111111104
11	0.44218915343915366	0.15404040404040434
12	0.46496693121693133	0.14861111111111117
13	0.48455026455026484	0.14316239316239288
14	0.49792989417989436	0.13690476190476195
15	0.503022486772487	0.12888888888888866
16	0.5129298941798944	0.1232638888888889
17	0.5202447089947093	0.11797385620915005
18	0.5339484126984129	0.11481481481481472
19	0.5385780423280425	0.10964912280701744
20	0.5477447089947092	0.10611111111111114
