1	0,456	0,000	0,000	0,000	
2	0,600	0,172	0,000	0,000	
3	0,683	0,272	0,039	0,000	
4	0,689	0,339	0,083	0,006	
5	0,733	0,406	0,128	0,017	
6	0,772	0,456	0,156	0,039	
7	0,794	0,483	0,194	0,039	
8	0,828	0,506	0,211	0,044	
9	0,856	0,544	0,228	0,050	
10	0,856	0,561	0,250	0,056	
11	0,867	0,589	0,272	0,072	
12	0,878	0,594	0,278	0,078	
13	0,878	0,606	0,306	0,083	
14	0,878	0,617	0,311	0,100	
15	0,883	0,628	0,322	0,100	
16	0,883	0,633	0,339	0,106	
17	0,889	0,644	0,350	0,122	
18	0,889	0,650	0,361	0,128	
19	0,889	0,661	0,372	0,128	
20	0,889	0,661	0,383	0,133	
