1	0,394	0,000	0,000	0,000	
2	0,567	0,100	0,000	0,000	
3	0,650	0,200	0,017	0,000	
4	0,717	0,322	0,078	0,006	
5	0,750	0,417	0,111	0,011	
6	0,789	0,467	0,156	0,039	
7	0,806	0,489	0,178	0,056	
8	0,822	0,522	0,194	0,056	
9	0,833	0,550	0,211	0,067	
10	0,844	0,572	0,256	0,089	
11	0,867	0,589	0,317	0,094	
12	0,872	0,606	0,344	0,100	
13	0,889	0,611	0,361	0,106	
14	0,889	0,633	0,367	0,111	
15	0,894	0,639	0,367	0,122	
16	0,917	0,661	0,378	0,128	
17	0,917	0,667	0,389	0,133	
18	0,917	0,689	0,400	0,139	
19	0,922	0,700	0,406	0,144	
20	0,928	0,711	0,417	0,156	
