1	0,422	0,000	0,000	0,000	
2	0,544	0,144	0,000	0,000	
3	0,600	0,206	0,033	0,000	
4	0,656	0,261	0,056	0,017	
5	0,711	0,322	0,094	0,017	
6	0,733	0,367	0,100	0,039	
7	0,756	0,400	0,122	0,044	
8	0,794	0,439	0,133	0,044	
9	0,817	0,478	0,172	0,050	
10	0,822	0,522	0,200	0,050	
11	0,828	0,544	0,222	0,056	
12	0,833	0,572	0,244	0,067	
13	0,844	0,583	0,250	0,072	
14	0,856	0,611	0,272	0,072	
15	0,878	0,628	0,294	0,078	
16	0,889	0,628	0,306	0,078	
17	0,889	0,650	0,311	0,089	
18	0,889	0,650	0,333	0,089	
19	0,894	0,661	0,344	0,089	
20	0,894	0,678	0,356	0,106	
