1	0,311	0,000	0,000	0,000	
2	0,467	0,089	0,000	0,000	
3	0,528	0,167	0,017	0,000	
4	0,600	0,211	0,044	0,000	
5	0,672	0,272	0,083	0,006	
6	0,694	0,339	0,100	0,017	
7	0,722	0,383	0,117	0,033	
8	0,756	0,411	0,156	0,039	
9	0,761	0,444	0,167	0,044	
10	0,772	0,450	0,189	0,056	
11	0,794	0,478	0,200	0,061	
12	0,800	0,506	0,222	0,061	
13	0,811	0,539	0,239	0,061	
14	0,817	0,550	0,267	0,072	
15	0,828	0,556	0,283	0,094	
16	0,833	0,578	0,300	0,100	
17	0,844	0,578	0,306	0,100	
18	0,850	0,583	0,322	0,111	
19	0,850	0,583	0,333	0,117	
20	0,861	0,611	0,333	0,117	
