1	0,378	0,000	0,000	0,000	
2	0,528	0,150	0,000	0,000	
3	0,600	0,233	0,017	0,000	
4	0,667	0,278	0,050	0,000	
5	0,722	0,339	0,111	0,006	
6	0,761	0,383	0,144	0,017	
7	0,778	0,422	0,178	0,033	
8	0,783	0,456	0,211	0,039	
9	0,794	0,489	0,239	0,050	
10	0,811	0,506	0,239	0,056	
11	0,833	0,522	0,267	0,067	
12	0,861	0,544	0,294	0,078	
13	0,867	0,578	0,317	0,094	
14	0,867	0,589	0,344	0,106	
15	0,878	0,589	0,350	0,106	
16	0,889	0,600	0,367	0,106	
17	0,889	0,606	0,372	0,128	
18	0,889	0,628	0,389	0,139	
19	0,889	0,639	0,389	0,144	
20	0,889	0,650	0,400	0,156	
