1	0,428	0,000	0,000	0,000	
2	0,572	0,144	0,000	0,000	
3	0,667	0,267	0,039	0,000	
4	0,711	0,356	0,061	0,006	
5	0,728	0,389	0,094	0,006	
6	0,733	0,428	0,128	0,022	
7	0,761	0,456	0,161	0,044	
8	0,789	0,478	0,189	0,050	
9	0,811	0,483	0,233	0,061	
10	0,822	0,494	0,250	0,067	
11	0,850	0,522	0,256	0,067	
12	0,872	0,544	0,289	0,078	
13	0,883	0,561	0,306	0,089	
14	0,894	0,567	0,317	0,094	
15	0,900	0,589	0,322	0,094	
16	0,911	0,606	0,333	0,100	
17	0,917	0,611	0,333	0,106	
18	0,917	0,650	0,339	0,117	
19	0,917	0,656	0,356	0,128	
20	0,922	0,667	0,372	0,133	
