1	0,478	0,000	0,000	0,000	
2	0,606	0,161	0,000	0,000	
3	0,661	0,294	0,072	0,000	
4	0,706	0,344	0,106	0,017	
5	0,756	0,372	0,139	0,039	
6	0,767	0,400	0,156	0,050	
7	0,806	0,417	0,183	0,056	
8	0,828	0,450	0,194	0,067	
9	0,833	0,456	0,222	0,072	
10	0,850	0,472	0,239	0,094	
11	0,856	0,494	0,250	0,100	
12	0,856	0,517	0,261	0,106	
13	0,861	0,561	0,278	0,111	
14	0,872	0,594	0,294	0,122	
15	0,883	0,611	0,311	0,122	
16	0,883	0,628	0,328	0,122	
17	0,894	0,633	0,339	0,128	
18	0,900	0,644	0,367	0,133	
19	0,900	0,661	0,367	0,133	
20	0,906	0,667	0,378	0,133	
