1	0,378	0,000	0,000	0,000	
2	0,528	0,144	0,000	0,000	
3	0,606	0,222	0,033	0,000	
4	0,661	0,278	0,056	0,000	
5	0,706	0,333	0,100	0,006	
6	0,739	0,389	0,117	0,022	
7	0,756	0,450	0,150	0,039	
8	0,789	0,456	0,194	0,044	
9	0,806	0,494	0,228	0,061	
10	0,817	0,517	0,250	0,094	
11	0,828	0,556	0,267	0,122	
12	0,828	0,572	0,289	0,133	
13	0,833	0,589	0,300	0,133	
14	0,839	0,600	0,306	0,144	
15	0,844	0,611	0,322	0,156	
16	0,850	0,617	0,322	0,178	
17	0,850	0,622	0,322	0,183	
18	0,850	0,650	0,367	0,189	
19	0,861	0,661	0,378	0,194	
20	0,867	0,672	0,406	0,194	
