1	0,450	0,000	0,000	0,000	
2	0,589	0,228	0,000	0,000	
3	0,672	0,306	0,050	0,000	
4	0,706	0,378	0,094	0,011	
5	0,739	0,411	0,161	0,039	
6	0,767	0,461	0,194	0,056	
7	0,800	0,478	0,217	0,061	
8	0,806	0,500	0,261	0,067	
9	0,822	0,539	0,283	0,106	
10	0,833	0,578	0,300	0,128	
11	0,839	0,589	0,311	0,150	
12	0,844	0,606	0,328	0,156	
13	0,844	0,611	0,339	0,161	
14	0,850	0,628	0,367	0,167	
15	0,856	0,639	0,372	0,178	
16	0,861	0,650	0,383	0,194	
17	0,867	0,661	0,383	0,200	
18	0,872	0,667	0,394	0,200	
19	0,878	0,672	0,411	0,200	
20	0,878	0,678	0,417	0,206	
