1	0,400	0,000	0,000	0,000	
2	0,561	0,111	0,000	0,000	
3	0,683	0,183	0,022	0,000	
4	0,739	0,322	0,067	0,000	
5	0,794	0,378	0,150	0,006	
6	0,828	0,411	0,194	0,006	
7	0,839	0,450	0,228	0,050	
8	0,878	0,467	0,233	0,061	
9	0,883	0,494	0,261	0,067	
10	0,894	0,517	0,272	0,067	
11	0,906	0,550	0,289	0,100	
12	0,917	0,572	0,300	0,128	
13	0,917	0,600	0,322	0,150	
14	0,922	0,622	0,344	0,161	
15	0,922	0,650	0,350	0,178	
16	0,928	0,656	0,372	0,189	
17	0,928	0,683	0,378	0,200	
18	0,933	0,694	0,389	0,200	
19	0,939	0,694	0,417	0,206	
20	0,939	0,717	0,428	0,211	
