1	0.08206047124732241	0.3460207612456747
2	0.14847860712912608	0.31833910034602075
3	0.19148267149997264	0.27797001153402545
4	0.2290012083264678	0.2491349480968858
5	0.25577387817872266	0.22491349480968872
6	0.27253666172351304	0.1983852364475203
7	0.28762701158894943	0.17894216510133462
8	0.3060910638765311	0.16652249134948097
9	0.3217004448838359	0.15609381007304876
10	0.33136431043005443	0.1446366782006922
11	0.33820645905420993	0.1343189682290029
12	0.34694760257044	0.12687427912341395
13	0.3622150821112759	0.12163960606867161
14	0.35987120338331413	0.1117152743450322
15	0.32841214917339484	0.09388696655132622
16	0.32236502444114906	0.08607266435986159
17	0.3071483495358929	0.07714227559535906
18	0.28732630307024765	0.0680507497116493
19	0.2656588125446256	0.06046257512292835
20	0.24024825616521117	0.05155709342560553
