1	0.09518454440599765	0.3875432525951557
2	0.14666749052562203	0.2975778546712803
3	0.19274592189817105	0.25951557093425626
4	0.2161064425770309	0.21972318339100347
5	0.24212390838688436	0.1972318339100348
6	0.27223595320481153	0.18512110726643602
7	0.2925687922227716	0.17053880375679695
8	0.3086587576206954	0.1570069204152249
9	0.31955841159993403	0.1441753171856978
10	0.3330532212885154	0.13460207612456782
11	0.3490278464326907	0.12739855300408948
12	0.35029658922392487	0.11707035755478655
13	0.35664030318009565	0.10966196433324435
14	0.3594908551655957	0.10232328225407827
15	0.3506920415224914	0.09319492502883485
16	0.3416955017301039	0.0847750865051903
17	0.3148418190805733	0.07327498473437799
18	0.3056901191849288	0.06747404844290654
19	0.2752320536057561	0.05718448370060089
20	0.23440160377876643	0.046712802768166126
