1	0.08690064260998513	0.34256055363321797
2	0.13848519800076892	0.27162629757785467
3	0.17215356730927667	0.22491349480968886
4	0.20736529906080092	0.20242214532871972
5	0.23433020266930313	0.18408304498269928
6	0.25275992750041193	0.1660899653979237
7	0.2640522875816994	0.14977755808205645
8	0.2771763607403745	0.1384083044982699
9	0.28669193167463064	0.1272587466359092
10	0.29353545339704507	0.11730103806228401
11	0.30464107211512054	0.11072664359861596
12	0.31569451309935737	0.10524798154555931
13	0.3192123908386885	0.0976843225978172
14	0.31314878892733566	0.08823529411764718
15	0.31216839677047287	0.08235294117647045
16	0.3118223760092272	0.07763840830449827
17	0.29430438842203543	0.06900061062487263
18	0.2806036139946175	0.06266820453671662
19	0.2558960839237656	0.05372427608814412
20	0.22586917119789093	0.04498269896193774
