1	0.08949167902455094	0.3494809688581315
2	0.1517012687427913	0.29930795847750863
3	0.1975709891799858	0.2606689734717417
4	0.22600648102378218	0.2231833910034602
5	0.24777008842752796	0.19653979238754338
6	0.2709452408414347	0.17993079584775085
7	0.2853133410226837	0.16213544241225913
8	0.30722524303839194	0.15354671280276816
9	0.3186810018124898	0.14186851211072662
10	0.3319341462075027	0.13391003460207632
11	0.3391758664250016	0.12425290972003794
12	0.3497871697698691	0.11649365628604381
13	0.3473609051463726	0.10646792653713043
14	0.3487449881913552	0.09886307464162142
15	0.3251331905311145	0.08604382929642428
16	0.3178997089031692	0.078719723183391
17	0.30129071236337673	0.0706289436189699
18	0.28304772889547974	0.06324490580545936
19	0.25517246114131925	0.05354215989801484
20	0.24300818366562296	0.04913494809688581
