1	0.08588454989839066	0.35294117647058826
2	0.1559798429175592	0.314878892733564
3	0.19901823474487845	0.2710495963091118
4	0.23615093096061965	0.24394463667820068
5	0.2644752018454441	0.21730103806228399
6	0.2829474927225792	0.19204152249134926
7	0.3001743834788818	0.17498764211567008
8	0.30934805294666895	0.1583044982698962
9	0.31873729884110513	0.1457131872356786
10	0.32852062393584897	0.13564013840830474
11	0.33331136376119086	0.12582573136206365
12	0.3384357664634483	0.11591695501730094
13	0.335417696490361	0.10673409635347328
14	0.32926758938869677	0.09762728620860127
15	0.3208477508650519	0.08950403690888105
16	0.30305651672433687	0.07936851211072664
17	0.2844290657439447	0.06961123549765912
18	0.2571428571428572	0.05978469819300263
19	0.20477563574449392	0.04516481515206693
20	0.1774317570165321	0.03754325259515572
