1	0.07649530400395445	0.32525951557093424
2	0.13260559125611024	0.2837370242214533
3	0.17282638545614334	0.24567474048442922
4	0.20183857856868248	0.21453287197231835
5	0.218167463063657	0.18615916955017325
6	0.243212775306201	0.17358708189157998
7	0.2629332125006866	0.161146811665843
8	0.278473938595046	0.14965397923875431
9	0.2931990443236118	0.13994617454825067
10	0.3115024441149009	0.13356401384083064
11	0.31692343604108303	0.12425290972003795
12	0.3217100565716483	0.11562860438292966
13	0.32183363541495025	0.10673409635347328
14	0.319543307519086	0.09787444389520525
15	0.3201282473773823	0.0920415224913493
16	0.31476492557807434	0.0852076124567474
17	0.31436947327950787	0.0801953999592915
18	0.27606415115065636	0.06747404844290658
19	0.25520953479430986	0.05791294846111811
20	0.24068902070632187	0.051211072664359904
