1	0.08949991761410442	0.3737024221453287
2	0.15163947932114025	0.31314878892733566
3	0.19798978414895374	0.26989619377162627
4	0.22753336628769152	0.23356401384083045
5	0.25378151260504217	0.20899653979238775
6	0.2668561542263966	0.18396770472895033
7	0.28292140385566	0.16707859614434023
8	0.29996292634700944	0.15570934256055363
9	0.3118429724831109	0.14417531718569787
10	0.3216757291151754	0.13425605536332202
11	0.33150848574724007	0.12614029569046886
12	0.3362703905091448	0.11735870818915801
13	0.33714368100181247	0.10966196433324435
14	0.3263923216345362	0.09861591695501742
15	0.3345814796506838	0.09411764705882336
16	0.31913000494315374	0.08499134948096886
17	0.28862662712143683	0.07347852635864018
18	0.26375432525951564	0.06286043829296421
19	0.24167490525622018	0.05408850846840275
20	0.21778299555116165	0.046885813148788966
