1	0.08009694073707911	0.328719723183391
2	0.13101417037403196	0.27162629757785467
3	0.16335612676443137	0.22837370242214552
4	0.19168177074751486	0.20155709342560554
5	0.21017877739331045	0.17785467128027696
6	0.22264925578074382	0.1580161476355247
7	0.23741006206404144	0.1463173504695997
8	0.2482520459164058	0.13365051903114186
9	0.26244301642225515	0.12572087658592832
10	0.2675427033558522	0.11522491349480984
11	0.2789613884769594	0.10883925762818503
12	0.2889767671774591	0.10351787773933088
13	0.2924699291481298	0.09635347351610304
14	0.2921239083868842	0.0892239248640634
15	0.277277970011534	0.07935409457900792
16	0.26931949250288356	0.07244809688581315
17	0.26907233481627946	0.06838998575208614
18	0.2472483110891416	0.05997693194925021
19	0.22641291810841996	0.05153888180659253
20	0.19602899983522828	0.042214532871972334
