1	0.08821744384028113	0.356401384083045
2	0.13684022628659315	0.27854671280276816
3	0.18264815730213663	0.2537485582468283
4	0.21434613060910654	0.22145328719723184
5	0.238224309331576	0.19792387543252632
6	0.2562009117372442	0.1776239907727796
7	0.2703479430988082	0.1616411270390512
8	0.28996814412039323	0.1518166089965398
9	0.29640248256165214	0.13802383698577472
10	0.30835392980721704	0.12871972318339128
11	0.32223732630307034	0.12299465240641722
12	0.32942137639369473	0.11447520184544402
13	0.341582907672873	0.11019430396593001
14	0.3450472345801065	0.10355907068709855
15	0.34132476520019767	0.09550173010380605
16	0.34829186576591425	0.09083044982698962
17	0.3211374745976823	0.07897415021371851
18	0.3050447630032407	0.07074202229911566
19	0.26651150656340966	0.05882352941176462
20	0.23073131213269624	0.04792387543252596
