1	0.10305788982259563	0.41522491349480967
2	0.16729966496402507	0.3391003460207612
3	0.21336161915746707	0.28719723183390977
4	0.2432814302191467	0.24826989619377163
5	0.26068682374910757	0.21453287197231866
6	0.27470066457955716	0.18973471741637807
7	0.285460262536387	0.16905585763717276
8	0.3005204042401273	0.15657439446366783
9	0.30684489482067323	0.1422529796232219
10	0.31491871258307236	0.13183391003460238
11	0.3305473169660019	0.1255111670336585
12	0.3334019882462787	0.11649365628604372
13	0.33934201131432945	0.10886345488421588
14	0.33676607898061167	0.10059317844784986
15	0.3292195309496345	0.09158016147635509
16	0.3168877354863512	0.08326124567474048
17	0.30309633657384505	0.07510685935273745
18	0.2794680617344975	0.06459054209919257
19	0.24991212171142968	0.05445274084866136
20	0.2209617180205416	0.04515570934256056
