1	0.10318159569260889	0.3832599118942731
2	0.17591077547024683	0.32599118942731276
3	0.22468708481924335	0.28340675477239374
4	0.26362492133417254	0.25
5	0.29677994545835956	0.2255506607929517
6	0.31305503111670513	0.19970631424375915
7	0.3292916579260192	0.18124606670862178
8	0.351440458709181	0.17015418502202642
9	0.3661422278162366	0.15761135584924116
10	0.38777707852597704	0.15022026431718077
11	0.40948535067477787	0.14457348818582325
12	0.4241451646737989	0.13729809104258436
13	0.43877351234179424	0.13148085394781403
14	0.4501538353961261	0.12523599748269368
15	0.4614607370113978	0.11953010279001444
16	0.4705649954548633	0.1145374449339207
17	0.47966925389832876	0.10987302409950737
18	0.4881127193902525	0.10548213411649537
19	0.4938081253059227	0.10132158590308368
20	0.5014124886371584	0.09779735682819389
