1	0.07030102790014682	0.2907488986784141
2	0.1314033983637507	0.2709251101321586
3	0.17199846164603877	0.2364170337738622
4	0.22348961611076157	0.2290748898678414
5	0.2654726942171878	0.21762114537444946
6	0.2923624222082373	0.19970631424375926
7	0.31753199076987626	0.18879798615481444
8	0.33377561009719603	0.17400881057268722
9	0.3598087546325432	0.1659324522760645
10	0.3743269701419482	0.15550660792951546
11	0.3914761205510105	0.14817781337605154
12	0.40120446122648784	0.13913362701908957
13	0.4152454373820014	0.13351406302948127
14	0.4346286972938957	0.1290119572057899
15	0.44468743444514386	0.1230543318649043
16	0.4509702118732956	0.11729074889867841
17	0.45519194461925744	0.11142783104431173
18	0.46176316341514584	0.10695056289769951
19	0.4705737361023705	0.10340830048690003
20	0.4741713866163206	0.0991189427312776
