1	0.12226767358925941	0.4933920704845815
2	0.2015261170547514	0.4008810572687225
3	0.25784036081392897	0.3465491923641705
4	0.3028162366268094	0.30506607929515417
5	0.3370725823368996	0.27224669603524243
6	0.36248164464023525	0.24669603524229078
7	0.3738672120830714	0.21900566393958468
8	0.39769246905810823	0.20429515418502203
9	0.41081043283686486	0.1879588839941262
10	0.42285154884273857	0.1744493392070486
11	0.44030487378505023	0.16579895875050082
12	0.46370009090273434	0.1604258443465492
13	0.4768110621634853	0.15249068112504216
14	0.489929025942242	0.14537444933920718
15	0.49962065589818916	0.13803230543318626
16	0.5081480316061815	0.13188325991189428
17	0.515348577022586	0.12619849701995306
18	0.5232413817215581	0.12090063631913862
19	0.5316114257744216	0.11639230234175756
20	0.5365306621914553	0.11167400881057273
