1	0.11484161946717009	0.45374449339207046
2	0.1874344451436963	0.3656387665198238
3	0.23430529333613045	0.31130690161527164
4	0.27614152856443613	0.2775330396475771
5	0.3155688413397667	0.25286343612334816
6	0.3429183273896932	0.22907488986784144
7	0.3603926298860221	0.20578980490874774
8	0.37959758058876997	0.191079295154185
9	0.39450213271799167	0.17670093000489476
10	0.408599049017551	0.16519823788546278
11	0.42182015243689236	0.1557869443332
12	0.43801482413817194	0.1479441997063142
13	0.4499580448919655	0.14063029481531653
14	0.45704321376127527	0.13278791692888625
15	0.46739563666876427	0.12657856093979417
16	0.47826200964967475	0.12142070484581498
17	0.4912750856583454	0.11764705882352912
18	0.5001276134536046	0.11306901615271661
19	0.505267114187819	0.10804544400649198
20	0.5100395077267323	0.10352422907488987
