1	0.10234074540241939	0.4185022026431718
2	0.15945388434375213	0.32819383259911894
3	0.21738864415075881	0.3024963289280473
4	0.26177540032165586	0.2775330396475771
5	0.30219914691280353	0.2555066079295157
6	0.33412348786798124	0.23568281938325983
7	0.3581113208866514	0.21774701069855246
8	0.3751678204321377	0.1998898678414097
9	0.40220264317180626	0.19187469407733734
10	0.41248164464023496	0.176651982378855
11	0.4309226627508565	0.16780136163396095
12	0.4465107335151388	0.15969162995594716
13	0.45742430599258804	0.15181294476448637
14	0.46701104817844924	0.14380113278791704
15	0.4764194811551642	0.1371512481644637
16	0.4846531711069158	0.13105726872246695
17	0.49927452625690527	0.12723503498315594
18	0.5091549541990071	0.12261380323054341
19	0.5170967065240194	0.11824715974959428
20	0.5249160897839313	0.1140969162995596
