1	0.09746346409342001	0.3920704845814978
2	0.1706558981889378	0.3502202643171806
3	0.21839556674358454	0.29515418502202667
4	0.25607125375847856	0.2599118942731278
5	0.29005489126634526	0.23700440528634384
6	0.3203692049507028	0.21879588839941239
7	0.3465404517166632	0.20390182504719964
8	0.36282078176351307	0.18777533039647576
9	0.38218306412139	0.17621145374449346
10	0.40712013145933845	0.16916299559471384
11	0.4217851898468637	0.15979175010012028
12	0.4345605202433394	0.15088105726872236
13	0.44749318229494417	0.1436801084378174
14	0.4629851059366477	0.13782252989301458
15	0.4721313194881477	0.13127753303964732
16	0.48538913362701896	0.12637665198237885
17	0.4928781204111599	0.1204975382223371
18	0.49926578560939777	0.11502692119432213
19	0.5112701908957414	0.11152330164618594
20	0.5147629536396056	0.1068281938325992
