1	0.0868907768687504	0.3568281938325991
2	0.16194846514229774	0.33480176211453744
3	0.21347458219704912	0.29074889867841425
4	0.24550381092231316	0.2533039647577093
5	0.2750926508635761	0.22555066079295163
6	0.30476540102090777	0.20704845814977968
7	0.3256590448220406	0.19005663939584658
8	0.3472921474022797	0.17841409691629956
9	0.36480316061813883	0.16740088105726855
10	0.38322320117474323	0.15947136563876674
11	0.3906073001887982	0.1477773327993594
12	0.4046779945458362	0.14023494860499255
13	0.42002307530941907	0.13419179939003695
14	0.4322652262079576	0.12838263058527388
15	0.43928921054471726	0.12217327459618184
16	0.4499038528774213	0.11729074889867841
17	0.4583647996643591	0.11246436900751461
18	0.4683186490455212	0.10890846793930498
19	0.4814610866372981	0.10572687224669597
20	0.4913415145793999	0.10242290748898687
