1	0.11067932312425693	0.45374449339207046
2	0.18278966505838756	0.3744493392070485
3	0.23220753793441026	0.31571218795888406
4	0.27125375847842814	0.27973568281938327
5	0.3077302286553389	0.2546255506607932
6	0.32621145374449356	0.22540381791483113
7	0.3496381371932036	0.2064191315292638
8	0.3645951332074682	0.1894273127753304
9	0.37658030906929596	0.17474302496328925
10	0.3932102650164325	0.16387665198237916
11	0.4061813859170688	0.1541850220264318
12	0.4207607859590239	0.14647577092511008
13	0.4353716523320048	0.13927482209420505
14	0.4487028879099364	0.13310258023914426
15	0.4622858541360745	0.12775330396475748
16	0.47080274106705833	0.12197136563876652
17	0.4771222292147404	0.1163513863695255
18	0.489493741696385	0.11257953989231526
19	0.5008373540311867	0.10920472988639
20	0.5095849940563597	0.10572687224669611
