1	0.09732011747430246	0.3700440528634361
2	0.16640969162995595	0.31718061674008813
3	0.21872246696035233	0.2790014684287812
4	0.26512481644640234	0.2544052863436123
5	0.29435179358086844	0.22731277533039648
6	0.3248269351793581	0.20998531571218798
7	0.350083910216069	0.19383259911894277
8	0.37692469058107836	0.18226872246696035
9	0.3971155863226349	0.17180616740088087
10	0.4242080973358507	0.1647577092511016
11	0.44194461925739476	0.156587905486584
12	0.4500209775540174	0.14647577092510997
13	0.4635672330606253	0.13927482209420503
14	0.4700335640864277	0.13152926368785414
15	0.4844975875812881	0.1271659324522758
16	0.4944094818544158	0.12142070484581498
17	0.5039542689322426	0.11661052086032621
18	0.5126599538493813	0.11209006363191387
19	0.5169603524229077	0.10711801530257359
20	0.5240822320117475	0.10330396475770935
