1	0.10613243829102857	0.4185022026431718
2	0.16672085868121111	0.33480176211453744
3	0.22694916439409846	0.3069016152716596
4	0.26649709810502786	0.2709251101321586
5	0.3086514929025943	0.25198237885462577
6	0.3359013355709392	0.2290748898678413
7	0.3589923781553738	0.20956576463184398
8	0.38208866512831274	0.1960352422907489
9	0.39732361373330544	0.18110621634850696
10	0.416607230263618	0.17136563876652006
11	0.427588979791623	0.1601922306768124
12	0.4388958814068947	0.15088105726872247
13	0.44858751136284186	0.1423246357167059
14	0.4612579539892317	0.1356198867212084
15	0.46672785119921695	0.12834067547723907
16	0.4760890846793932	0.12252202643171806
17	0.4813754282917279	0.11661052086032621
18	0.4909202153695546	0.11209006363191386
19	0.4995105237395988	0.10781358683051236
20	0.5054698972099855	0.10374449339207055
