1	0.08537473408607421	0.37628865979381443
2	0.14636822942235325	0.31443298969072164
3	0.18665316642120777	0.2697594501718209
4	0.2119006709212896	0.23260309278350516
5	0.23530621011291125	0.20721649484536142
6	0.25813594338078893	0.19029209621993134
7	0.2712035673375883	0.1712076583210606
8	0.285780764195713	0.15818298969072164
9	0.3056199885452466	0.15063001145475405
10	0.3187407952871872	0.1420103092783509
11	0.3307355588283424	0.1337863167760078
12	0.3453649157257406	0.12822164948453613
13	0.356586483390607	0.12252180808881859
14	0.36355240549828155	0.11597938144329926
15	0.3687377270495825	0.11013745704467369
16	0.37668753068237565	0.1053479381443299
17	0.38259695630829615	0.10081867798665856
18	0.3910407461953851	0.0975085910652924
19	0.39639175257731935	0.0937330439500816
20	0.4050002045491735	0.09123711340206192
