1	0.09290214367533949	0.39948453608247425
2	0.16478890525282286	0.35180412371134023
3	0.2216372115856653	0.31786941580755995
4	0.25523748159057447	0.2764175257731959
5	0.2792679185076092	0.24226804123711407
6	0.2993628293241696	0.2169243986254298
7	0.3159538127965964	0.19661266568483093
8	0.33138397970872224	0.18105670103092783
9	0.346596301750941	0.16809851088201638
10	0.3590134593356241	0.15695876288659824
11	0.3684912452953688	0.14690721649484564
12	0.3803100965472096	0.13896048109965645
13	0.38769841269841243	0.13084853291038887
14	0.3948289968908524	0.12352724594992653
15	0.40012272950417266	0.11701030927835077
16	0.4019360579283258	0.10985824742268041
17	0.4075693421698576	0.10506367495451796
18	0.413199558173785	0.10065864833906098
19	0.41801362297496325	0.0965816603364082
20	0.42693401243658985	0.09368556701030933
