1	0.08014747995418091	0.35051546391752575
2	0.1416472344951728	0.30927835051546393
3	0.1799766813942073	0.2637457044673536
4	0.20889686630666027	0.23131443298969073
5	0.22802425953199157	0.2020618556701037
6	0.25686773850433653	0.18986254295532642
7	0.27393634429716907	0.17488954344624483
8	0.28758591065292094	0.16172680412371135
9	0.29915623465881197	0.14977090492554448
10	0.3165306414662084	0.1422680412371139
11	0.3296494027164132	0.13495782567947542
12	0.3407523318605795	0.12843642611683848
13	0.3496829487808871	0.12212529738302953
14	0.3569158075601375	0.11597938144329917
15	0.36652552773686803	0.11116838487972527
16	0.372794959908362	0.10631443298969072
17	0.37701685485190645	0.10142510612492428
18	0.3844542628047781	0.0975085910652924
19	0.3938737522500407	0.0945469343461749
20	0.39971874488627035	0.09123711340206189
