1	0.0904680085092456	0.39690721649484534
2	0.15641466208476526	0.35180412371134023
3	0.1907155130093276	0.28865979381443263
4	0.22346588119784008	0.2545103092783505
5	0.2579948044509901	0.2355670103092791
6	0.2907247177221406	0.22164948453608255
7	0.3130747831778761	0.2050810014727543
8	0.3316059155621014	0.19072164948453607
9	0.35149627720504045	0.18012600229095121
10	0.36434298805432846	0.16855670103092818
11	0.37151959581083305	0.15651358950328048
12	0.37992452135493393	0.14647766323024053
13	0.38785284732449693	0.13818398096748638
14	0.4008836524300443	0.13254786450662753
15	0.40726558664703005	0.12594501718213083
16	0.41085542464408453	0.11920103092783506
17	0.4150537964326625	0.11340206185567021
18	0.4162995009000164	0.10724513172966817
19	0.4233226967763051	0.10322843190450383
20	0.4312264768450334	0.09961340206185572
