1	0.08658771068564876	0.3634020618556701
2	0.1467261904761905	0.3079896907216495
3	0.18886025200458217	0.2671821305841922
4	0.22073617247586352	0.2345360824742268
5	0.250228072328588	0.21340206185567065
6	0.2738258877434138	0.19544673539518895
7	0.2934043118965803	0.18078055964653927
8	0.30819117165766685	0.16720360824742267
9	0.3204180985108823	0.15492554410080214
10	0.3297465635738835	0.14329896907216533
11	0.3372156766486667	0.13402061855670122
12	0.3449394534446083	0.126073883161512
13	0.3548069055801016	0.1197462331482952
14	0.3610027000490919	0.1130338733431519
15	0.3715083456062838	0.10859106529209628
16	0.377693912616593	0.10373711340206186
17	0.3856968990345279	0.09990903577926014
18	0.3949997954508263	0.0969358533791526
19	0.40172844051710027	0.09346174715138379
20	0.41014768450335454	0.09072164948453622
