1	0.10452360497463593	0.45103092783505155
2	0.16409752904598285	0.3543814432989691
3	0.21116327115038466	0.3067010309278346
4	0.23906582392407144	0.26288659793814434
5	0.26383059237440676	0.23350515463917593
6	0.2824527491408935	0.20919243986254327
7	0.29857020127638684	0.1899852724594996
8	0.31543528064146614	0.17686855670103094
9	0.32739220258550145	0.16380297823596837
10	0.3414488217967598	0.1536082474226808
11	0.35213242513500237	0.14409559512652337
12	0.3620152184585174	0.135524054982818
13	0.36945262641138915	0.12767644726407637
14	0.3787585910652919	0.1215022091310752
15	0.38760227458681046	0.11615120274914115
16	0.39222304041891665	0.11034149484536082
17	0.40180207821960406	0.10597331716191648
18	0.40855629193258064	0.1018041237113406
19	0.41573289968908533	0.09820944112859493
20	0.422440067092129	0.09484536082474238
