1	0.09784200621829486	0.41237113402061853
2	0.15961994763541157	0.33505154639175255
3	0.19930146457208328	0.2809278350515462
4	0.2383826296841762	0.25128865979381443
5	0.26697042218949435	0.22474226804123765
6	0.28181864670266726	0.1980240549828179
7	0.29962874324987726	0.1818851251840946
8	0.3113371379479627	0.16527061855670103
9	0.33022520864015714	0.1557846506300119
10	0.33802466863033875	0.14355670103092816
11	0.34919305351006397	0.13448922211808845
12	0.35768388970708564	0.1262886597938145
13	0.36900057273768627	0.12073750991276798
14	0.3740682785141548	0.11395434462444788
15	0.384240508918344	0.10945017182130605
16	0.39097017673048606	0.10470360824742268
17	0.39702687776141393	0.10006064281382662
18	0.402348224513173	0.09607674684994302
19	0.40590635738831615	0.09210526315789491
20	0.4101159793814433	0.0884020618556702
