1	0.08960992472590411	0.39948453608247425
2	0.1503405743740796	0.3324742268041237
3	0.20078649157257417	0.29639175257731926
4	0.22825130911471136	0.2545103092783505
5	0.2577544591719851	0.23092783505154704
6	0.2826777532318771	0.21048109965635736
7	0.30333312878415986	0.19403534609720208
8	0.31850556373752265	0.17847938144329897
9	0.33550666830306025	0.16752577319587666
10	0.3463682294223533	0.15618556701030972
11	0.35666216658484723	0.14620431115276508
12	0.3651407298314517	0.1370274914089348
13	0.3756463753886436	0.12985725614591623
14	0.3850239322533139	0.1237113402061857
15	0.3938082965144823	0.1180412371134023
16	0.4014543446244479	0.11275773195876289
17	0.4108891752577321	0.1087022437841117
18	0.41589960726558695	0.10395189003436443
19	0.4217844869906728	0.09970157352143251
20	0.428620520373098	0.09652061855670112
