1	0.08793978072328584	0.37628865979381443
2	0.1493096465390281	0.3234536082474227
3	0.19544878088692536	0.2843642611683846
4	0.227510841106202	0.24871134020618557
5	0.26092497136311577	0.22835051546391827
6	0.27663434789723457	0.20317869415807574
7	0.2961810669284898	0.18630338733431556
8	0.3146017427589593	0.17396907216494845
9	0.3289437080674195	0.16179839633447915
10	0.33838876615938496	0.15000000000000038
11	0.349441580756014	0.14128397375820081
12	0.3575703649157261	0.13251718213058414
13	0.36876636393389	0.12648691514670918
14	0.37637968417607615	0.1198453608247425
15	0.3826613892979874	0.11374570446735413
16	0.39125552282768805	0.10889175257731959
17	0.39738381606938333	0.10415403274711954
18	0.4033975617738507	0.09979954180985136
19	0.4095401734576995	0.09590341833966377
20	0.41347365406643777	0.09201030927835056
