1	0.09401795941744395	0.38402061855670105
2	0.14007936507936516	0.2847938144329897
3	0.1815660284732451	0.24914089347079024
4	0.21195999018163994	0.2190721649484536
5	0.2401581165112095	0.19896907216494905
6	0.25579692358042894	0.176975945017182
7	0.2732429225985929	0.162371134020619
8	0.2888490018000329	0.15045103092783504
9	0.3038465472099494	0.1406071019473084
10	0.3155805105547375	0.13195876288659839
11	0.3289068892161678	0.12535145267104048
12	0.3413639338897073	0.11898625429553257
13	0.3536062019309445	0.11360031720856473
14	0.3624764768450339	0.10824742268041265
15	0.3675022500409103	0.10223367697594507
16	0.3753201194567178	0.0977770618556701
17	0.38232183766977623	0.0936931473620375
18	0.39359761086565226	0.09106529209622022
19	0.40116388479790566	0.08790016277807935
20	0.4085522009491085	0.0850515463917528
