1	0.09348544973544971	0.37222222222222223
2	0.16228835978835976	0.32222222222222224
3	0.21881613756613744	0.29074074074074086
4	0.25322089947089943	0.25555555555555554
5	0.2807738095238096	0.22777777777777775
6	0.3097552910052911	0.2083333333333333
7	0.33109788359788356	0.1912698412698411
8	0.35378306878306875	0.17847222222222223
9	0.37220899470899477	0.16604938271604902
10	0.3818849206349206	0.1538888888888888
11	0.39263227513227505	0.14393939393939414
12	0.3990674603174602	0.13425925925925922
13	0.40453042328042327	0.1256410256410254
14	0.4156415343915344	0.11984126984126973
15	0.4205092592592593	0.11296296296296278
16	0.4273611111111112	0.10798611111111112
17	0.4351388888888891	0.10359477124182984
18	0.442175925925926	0.09969135802469122
19	0.4392129629629631	0.0941520467836256
20	0.4466732804232806	0.09111111111111113
