1	0.10472883597883595	0.3888888888888889
2	0.15913359788359782	0.30277777777777776
3	0.20857804232804236	0.2611111111111112
4	0.2531679894179893	0.2388888888888889
5	0.2932208994708994	0.21999999999999986
6	0.3162301587301587	0.19907407407407404
7	0.34350529100529087	0.18571428571428555
8	0.3654100529100528	0.1736111111111111
9	0.38246031746031744	0.161728395061728
10	0.40435846560846567	0.1538888888888888
11	0.42255291005291024	0.1464646464646467
12	0.4414880952380953	0.14027777777777778
13	0.45172619047619045	0.13290598290598263
14	0.4595965608465609	0.12579365079365074
15	0.46135582010582016	0.11777777777777758
16	0.46691137566137564	0.11180555555555556
17	0.4696891534391535	0.10588235294117622
18	0.47876322751322753	0.1018518518518517
19	0.4834854497354499	0.09736842105263147
20	0.4822817460317462	0.09250000000000001
