1	0.09539241622574958	0.37777777777777777
2	0.16296737213403872	0.33055555555555555
3	0.21889329805996474	0.2962962962962964
4	0.25761904761904764	0.25972222222222224
5	0.28757936507936505	0.23333333333333342
6	0.31472222222222224	0.2148148148148148
7	0.3351984126984128	0.1968253968253967
8	0.35269841269841273	0.18125
9	0.37649470899470894	0.17098765432098728
10	0.3928130511463843	0.16111111111111118
11	0.410458553791887	0.15252525252525267
12	0.42690035273368604	0.14583333333333334
13	0.4371781305114638	0.1380341880341878
14	0.4540828924162258	0.13293650793650796
15	0.4658421516754851	0.12703703703703684
16	0.4756261022927691	0.121875
17	0.47938271604938265	0.11535947712418275
18	0.48308641975308636	0.10956790123456786
19	0.4834567901234568	0.10380116959064323
20	0.4715740740740741	0.09583333333333334
