1	0.06912037037037032	0.2722222222222222
2	0.13108686067019396	0.25555555555555554
3	0.178176807760141	0.23148148148148154
4	0.21013668430335086	0.20555555555555555
5	0.2284854497354497	0.17999999999999983
6	0.25804453262786603	0.17129629629629645
7	0.2781194885361553	0.15952380952380935
8	0.3067526455026457	0.15416666666666667
9	0.3201014109347445	0.1444444444444442
10	0.34128086419753095	0.13888888888888898
11	0.3486882716049383	0.1287878787878789
12	0.3573611111111112	0.1212962962962963
13	0.36560185185185196	0.11452991452991436
14	0.37893518518518526	0.11031746031746036
15	0.39412037037037045	0.10666666666666656
16	0.40121913580246926	0.10208333333333333
17	0.40617945326278676	0.09705882352941157
18	0.40809964726631404	0.09290123456790111
19	0.4066181657848324	0.08742690058479519
20	0.4062742504409171	0.08277777777777783
