1	0.11089947089947082	0.42777777777777776
2	0.17359788359788345	0.33611111111111114
3	0.22462962962962962	0.2925925925925928
4	0.26576058201058206	0.2611111111111111
5	0.3055820105820106	0.24000000000000005
6	0.33248677248677255	0.21851851851851842
7	0.36369047619047634	0.20396825396825385
8	0.37462962962962976	0.18541666666666667
9	0.39064814814814813	0.17222222222222186
10	0.40148809523809514	0.16055555555555562
11	0.4134391534391533	0.15101010101010115
12	0.4207076719576717	0.14120370370370364
13	0.4378373015873013	0.13504273504273473
14	0.4500595238095235	0.12896825396825398
15	0.46367063492063465	0.12370370370370348
16	0.4704298941798939	0.11805555555555555
17	0.47644841269841237	0.11241830065359451
18	0.4825198412698411	0.1074074074074073
19	0.48508597883597865	0.102923976608187
20	0.4717129629629628	0.09555555555555553
