1	0.1086243386243386	0.40555555555555556
2	0.17464947089947078	0.33055555555555555
3	0.22942460317460325	0.29074074074074086
4	0.2643320105820106	0.25277777777777777
5	0.3041468253968254	0.23333333333333325
6	0.33798941798941784	0.2166666666666666
7	0.35743386243386227	0.19682539682539657
8	0.3740608465608465	0.18125
9	0.3889682539682539	0.1679012345679009
10	0.41332010582010587	0.16055555555555562
11	0.43271825396825425	0.15252525252525276
12	0.44318121693121715	0.14351851851851852
13	0.4479960317460319	0.13418803418803393
14	0.4576256613756616	0.12738095238095237
15	0.46744047619047635	0.12148148148148129
16	0.46836640211640235	0.11423611111111111
17	0.46568121693121706	0.10620915032679715
18	0.46864417989418	0.10092592592592578
19	0.47438492063492077	0.09678362573099404
20	0.48012566137566154	0.0930555555555556
