1	0.10146825396825396	0.4
2	0.17093253968253957	0.3388888888888889
3	0.23373677248677255	0.3074074074074077
4	0.27504629629629634	0.275
5	0.30940476190476196	0.24888888888888916
6	0.33126322751322745	0.22037037037037027
7	0.350760582010582	0.20000000000000004
8	0.3727182539682539	0.18611111111111112
9	0.3929298941798943	0.17592592592592562
10	0.4131679894179895	0.16555555555555565
11	0.42673280423280435	0.15606060606060615
12	0.43789682539682545	0.14675925925925917
13	0.453505291005291	0.1397435897435895
14	0.44041005291005286	0.12500000000000003
15	0.4446825396825396	0.11703703703703691
16	0.45162698412698404	0.1111111111111111
17	0.45903439153439146	0.10620915032679716
18	0.4607539682539681	0.10061728395061718
19	0.45214285714285707	0.09415204678362563
20	0.458531746031746	0.09083333333333338
