1	0.10598544973544971	0.43333333333333335
2	0.17501984126984124	0.35833333333333334
3	0.22492724867724875	0.30555555555555586
4	0.26511904761904775	0.2708333333333333
5	0.3007275132275133	0.24666666666666687
6	0.33	0.2268518518518517
7	0.3546031746031746	0.21111111111111114
8	0.38150793650793646	0.19930555555555557
9	0.3966468253968254	0.1839506172839503
10	0.4071097883597885	0.17000000000000004
11	0.4236838624338626	0.16010101010101024
12	0.42646164021164035	0.1476851851851851
13	0.4398478835978838	0.14059829059829035
14	0.45554894179894184	0.134920634920635
15	0.4640674603174603	0.12814814814814796
16	0.4647685185185186	0.12013888888888889
17	0.46282407407407417	0.11241830065359452
18	0.4636574074074074	0.10617283950617273
19	0.45921296296296293	0.10029239766081868
20	0.4634722222222223	0.09666666666666669
