1	0.10298500881834216	0.38333333333333336
2	0.16858686067019402	0.30833333333333335
3	0.20962081128747792	0.2611111111111111
4	0.2601300705467372	0.24444444444444444
5	0.2937566137566138	0.2222222222222221
6	0.3119047619047619	0.19722222222222227
7	0.338941798941799	0.18333333333333307
8	0.3518121693121694	0.1673611111111111
9	0.37296957671957676	0.15802469135802436
10	0.3781150793650794	0.1444444444444444
11	0.398670634920635	0.1383838383838386
12	0.40904100529100534	0.13009259259259265
13	0.41598544973544976	0.12222222222222197
14	0.42126322751322764	0.115079365079365
15	0.42890211640211645	0.10925925925925907
16	0.44179453262786617	0.10590277777777778
17	0.44170194003527347	0.09967320261437887
18	0.4508686067019402	0.09629629629629617
19	0.45614638447971806	0.09239766081871331
20	0.4600352733686069	0.08861111111111114
