1	0.09665564373897707	0.4
2	0.17512345679012342	0.3638888888888889
3	0.2352755731922399	0.32962962962962983
4	0.26882275132275146	0.2847222222222222
5	0.30522486772486795	0.2600000000000001
6	0.33973544973545006	0.2425925925925925
7	0.365630511463845	0.22301587301587303
8	0.38332231040564396	0.2048611111111111
9	0.39522707231040577	0.1882716049382713
10	0.4052336860670196	0.1738888888888891
11	0.4156040564373899	0.16161616161616174
12	0.4243077601410936	0.15138888888888877
13	0.44190035273368616	0.14572649572649546
14	0.4515299823633157	0.1380952380952382
15	0.4554188712522046	0.12962962962962943
16	0.46930776014109343	0.12430555555555556
17	0.4771384479717813	0.1189542483660128
18	0.4818606701940036	0.11358024691358024
19	0.48203262786596124	0.10789473684210517
20	0.4828791887125221	0.10333333333333337
