1	0.11457131872356777	0.45674740484429066
2	0.18533805679134416	0.3737024221453287
3	0.22985252924699312	0.3125720876585924
4	0.26420744768495635	0.27335640138408307
5	0.28894243972098643	0.23944636678200742
6	0.31319272807162063	0.21626297577854656
7	0.3340775525896632	0.19822046465645107
8	0.3500988630746415	0.18252595155709342
9	0.3660487724501564	0.16955017301038092
10	0.3814412039325532	0.1602076124567477
11	0.3932635799417804	0.1503617489776663
12	0.40431152853298163	0.14215686274509812
13	0.41524413687043427	0.13494809688581322
14	0.425292469929148	0.1282748393475039
15	0.43524468610973777	0.12249134948096875
16	0.44551958038117184	0.11764705882352941
17	0.450940572307354	0.11215143496845081
18	0.4627382325479209	0.10880430603614011
19	0.4679285439666061	0.1039883445638318
20	0.47565634096775955	0.10034602076124582
