1	0.09935052452353481	0.4083044982698962
2	0.18377684407096176	0.3719723183391003
3	0.22902180480035172	0.31141868512110704
4	0.2683789201955291	0.2768166089965398
5	0.295986433789202	0.2449826989619381
6	0.3212830230131269	0.22202998846597444
7	0.34054072609435954	0.20266930301532413
8	0.35499533146591983	0.1855536332179931
9	0.373717526226177	0.1741637831603231
10	0.38927747569616095	0.16366782006920447
11	0.39905256220135127	0.152249134948097
12	0.41247871697698685	0.14475201845444066
13	0.42089855550063165	0.13627894596752738
14	0.4268962486955567	0.12827483934750394
15	0.4328692261218214	0.12133794694348317
16	0.44253309166803984	0.11634948096885814
17	0.4514554841544462	0.11174435171992646
18	0.46172900532762134	0.10784313725490212
19	0.4659718789476575	0.10307776361318528
20	0.47186247047838736	0.09930795847750871
