1	0.10406299774811875	0.4117647058823529
2	0.16635909265667057	0.328719723183391
3	0.20919975833470653	0.28027681660899656
4	0.24862552864282986	0.2491349480968858
5	0.288936947327951	0.22975778546712838
6	0.3095952106332731	0.20703575547866196
7	0.3328541220409733	0.19179436480474568
8	0.3521283023013127	0.1777681660899654
9	0.364693524468611	0.1645520953479432
10	0.3750384467512495	0.15259515570934276
11	0.39734854726204205	0.14753067002201978
12	0.41097242818696106	0.1401384083044983
13	0.42801806997308733	0.13441575725312752
14	0.4391319272807162	0.12802768166089978
15	0.44723869940132926	0.12156862745098027
16	0.4552424891525238	0.11634948096885814
17	0.46450266381062233	0.11154081009566427
18	0.46932773109243703	0.10649750096116893
19	0.47547371889932444	0.10234929885266808
20	0.48308617564672923	0.0986159169550174
