1	0.11306228373702416	0.4532871972318339
2	0.17737271379139902	0.35294117647058826
3	0.21971082550667337	0.292964244521338
4	0.24854588894381294	0.2517301038062284
5	0.2807340583292142	0.2276816608996543
6	0.3017012687427914	0.20415224913494806
7	0.32875679683638176	0.1903114186851213
8	0.34998764211566985	0.1773356401384083
9	0.36646207502608885	0.16532103037293366
10	0.3749203603009832	0.15259515570934282
11	0.3946764980502005	0.14564328405158875
12	0.4044309880815072	0.13696655132641292
13	0.41907920030757406	0.13068937982432788
14	0.42585955951007864	0.1235788433020269
15	0.4349137694293404	0.1178777393310264
16	0.44569808315483067	0.11288927335640138
17	0.45532899434283525	0.10828414410746967
18	0.46141731202284836	0.10361399461745494
19	0.46689597407590483	0.0992533236204699
20	0.4724075904871751	0.09550173010380637
