1	0.09484950843082322	0.3875432525951557
2	0.1694142362827485	0.3477508650519031
3	0.219407370791454	0.30219146482122256
4	0.25916405777997475	0.2690311418685121
5	0.28328390179601265	0.23529411764705938
6	0.31374196737518556	0.217993079584775
7	0.33548772450156555	0.19970341077607545
8	0.3524056681496129	0.1846885813148789
9	0.3745139232163454	0.17454825067281837
10	0.39406684242324386	0.16608996539792417
11	0.4065235898280881	0.15508021390374357
12	0.42064178612621517	0.14734717416378318
13	0.43082468281430214	0.13920681394729834
14	0.43737436150930953	0.13124073158675256
15	0.44640797495468765	0.125028835063437
16	0.4559990662931838	0.12002595155709342
17	0.459978305047509	0.11398330958681024
18	0.4690997967814574	0.10995770857362565
19	0.4734538913604657	0.10526315789473688
20	0.4808397868951502	0.10155709342560566
