1	0.10455594002306798	0.4290657439446367
2	0.16873455264458725	0.3477508650519031
3	0.22354588894381291	0.3125720876585925
4	0.2593178447849728	0.2742214532871972
5	0.3001936068545065	0.25397923875432565
6	0.32113198220464645	0.2254901960784313
7	0.3386431043005437	0.20415224913494848
8	0.35353023562366115	0.18641868512110726
9	0.375712637996375	0.17647058823529443
10	0.39044735541275344	0.16539792387543273
11	0.3991843796342066	0.15445108524693338
12	0.4144010545394628	0.14792387543252603
13	0.4195913659581479	0.13814213468192707
14	0.4318174328554951	0.13198220464656468
15	0.44283242708848247	0.12595155709342556
16	0.45315537979897835	0.12089100346020762
17	0.4595855989454605	0.11540810095664543
18	0.46535261163288844	0.1103421760861209
19	0.4697932114022079	0.10544527408486622
20	0.47754984346679835	0.10173010380622846
