1	0.09277613005986703	0.39792387543252594
2	0.15969407370791452	0.3373702422145329
3	0.20417833800186755	0.28950403690888127
4	0.2500343274564729	0.2655709342560554
5	0.2698673587081892	0.22975778546712844
6	0.29578596144340097	0.21049596309111865
7	0.31744933267424624	0.19377162629757816
8	0.33329763277860175	0.1782006920415225
9	0.3549912121711431	0.16993464052287593
10	0.36893639808864725	0.1591695501730106
11	0.3792923051573571	0.14847436300723518
12	0.39110369638051307	0.14042675893886963
13	0.3975339155269951	0.13202022890604204
14	0.4042236502444114	0.1248146317350472
15	0.41727082990058756	0.12018454440599755
16	0.42732740154885474	0.11548442906574395
17	0.4352941176470587	0.11093018522287777
18	0.4393447575108473	0.10572856593617853
19	0.4476629867633327	0.10216718266253877
20	0.4503734827264238	0.09757785467128036
