1	0.07896825396825391	0.328719723183391
2	0.13996127862909866	0.29238754325259514
3	0.17791096830889228	0.25028835063437144
4	0.21104245619816572	0.2231833910034602
5	0.23620036249794055	0.19930795847750893
6	0.263376723238315	0.18569780853517856
7	0.28435766463448126	0.17301038062283777
8	0.30516559565002466	0.16392733564013842
9	0.31861646619432077	0.152249134948097
10	0.3355165595650024	0.1442906574394466
11	0.347347174163783	0.13620635419943405
12	0.36180589883012026	0.13033448673587084
13	0.37032185423188874	0.12297045515038585
14	0.38102378206184434	0.11739990113692554
15	0.39241775141429125	0.11257208765859263
16	0.40003020816169604	0.10769896193771626
17	0.4119679244246718	0.10421331162222647
18	0.41950348766957757	0.10034602076124578
19	0.42405942769264554	0.09597523219814251
20	0.42942274949195347	0.09256055363321809
