1	0.10058219366177834	0.39100346020761245
2	0.16507112648981173	0.3217993079584775
3	0.20410830999066307	0.26528258362168394
4	0.24077552589663334	0.23615916955017302
5	0.28217718459932994	0.22145328719723228
6	0.3047344427967265	0.20069204152249112
7	0.32936782556159716	0.1858625803262484
8	0.3444005053001593	0.1708477508650519
9	0.35608282528697766	0.15724721261053456
10	0.36900093370681614	0.14671280276816642
11	0.38076563958916915	0.13746461151305467
12	0.39241500521777345	0.13033448673587086
13	0.40075245784588354	0.12323662496672867
14	0.41460152688526397	0.11863568956994579
15	0.4212665458340199	0.11280276816608975
16	0.43049376613390455	0.10769896193771626
17	0.4401054539462844	0.10360268674943997
18	0.4491596638655462	0.09976931949250303
19	0.4549266765529742	0.09561099981788386
20	0.4593672763222937	0.09169550173010399
