1	0.0954344482891195	0.39792387543252594
2	0.16862195858735657	0.35294117647058826
3	0.20805734058329228	0.29527104959630895
4	0.2495592354588897	0.2673010380622837
5	0.2732520459164058	0.23598615916955062
6	0.30707282913165274	0.2220299884659746
7	0.33763113088372615	0.20958971824023748
8	0.3615353984731148	0.19550173010380623
9	0.3833429450211457	0.18377547097270291
10	0.40132503981984946	0.17370242214532883
11	0.41760998517053866	0.16483170808430345
12	0.43394436205854886	0.15686274509803913
13	0.4473815016202558	0.14878892733564014
14	0.4612896138847694	0.1421156697973308
15	0.46553248750480564	0.1340253748558246
16	0.4787513044433458	0.12932525951557095
17	0.4865944416982478	0.12375330755139409
18	0.4948701049047069	0.11899269511726265
19	0.5030112044817927	0.11473319978146056
20	0.5059619926401933	0.10986159169550179
