1	0.058567619047619056	0.28
2	0.11008317460317478	0.2632
3	0.13777968253968262	0.22346666666666642
4	0.16151111111111113	0.1988
5	0.1811212698412699	0.17824000000000081
6	0.1946952380952382	0.15946666666666687
7	0.2057974603174605	0.14514285714285735
8	0.21388126984127	0.1324
9	0.22187174603174603	0.12213333333333398
10	0.2288577777777778	0.11376000000000022
11	0.23678857142857151	0.10720000000000046
12	0.24630539682539687	0.1024000000000002
13	0.25392444444444456	0.09821538461538509
14	0.2614546031746032	0.09405714285714296
15	0.26451111111111114	0.08938666666666706
16	0.2656285714285713	0.0844
17	0.2683561904761904	0.08018823529411793
18	0.26946920634920624	0.0755555555555559
19	0.2660292063492063	0.07115789473684236
20	0.2608761904761904	0.06648000000000004
