1	0.05646730158730159	0.288
2	0.09737269841269858	0.2472
3	0.12427809523809544	0.2106666666666661
4	0.13979174603174624	0.1792
5	0.15448317460317484	0.15872000000000072
6	0.16596888888888917	0.14240000000000017
7	0.1770793650793653	0.13051428571428605
8	0.1868298412698414	0.121
9	0.19465587301587317	0.11217777777777833
10	0.20299746031746047	0.10528000000000046
11	0.20897777777777796	0.09876363636363668
12	0.2159320634920637	0.09386666666666675
13	0.2200273015873017	0.08824615384615417
14	0.2259155555555557	0.08445714285714295
15	0.23199555555555554	0.08096000000000028
16	0.2348907936507936	0.0769
17	0.2374457142857142	0.0732235294117649
18	0.23520952380952373	0.06853333333333364
19	0.23749777777777772	0.06551578947368442
20	0.23461460317460306	0.06160000000000008
