1	0.0708761904761906	0.336
2	0.1175968253968255	0.2776
3	0.14510539682539694	0.2288000000000001
4	0.16522412698412722	0.1944
5	0.1753428571428574	0.16608000000000075
6	0.1906641269841272	0.15146666666666678
7	0.20071428571428593	0.13645714285714308
8	0.21283492063492077	0.1266
9	0.21941650793650797	0.11608888888888944
10	0.22749079365079375	0.10896000000000033
11	0.2381650793650794	0.10429090909090943
12	0.24254412698412703	0.09746666666666674
13	0.2501498412698413	0.09304615384615422
14	0.2525219047619048	0.08708571428571442
15	0.2582520634920634	0.08341333333333371
16	0.2609619047619046	0.0797
17	0.26534666666666656	0.07623529411764732
18	0.26655746031746036	0.07244444444444481
19	0.2665225396825397	0.06871578947368451
20	0.2584355555555556	0.06408000000000005
