1	0.06939174603174612	0.3328
2	0.11530539682539687	0.2808
3	0.13881142857142864	0.2266666666666668
4	0.15801777777777792	0.1944
5	0.17298603174603186	0.17024000000000078
6	0.1852031746031747	0.15253333333333338
7	0.19696190476190487	0.13874285714285728
8	0.20797460317460323	0.1298
9	0.21476063492063494	0.1192888888888895
10	0.22028761904761904	0.11072000000000017
11	0.22565968253968255	0.10341818181818221
12	0.23011936507936512	0.09693333333333344
13	0.23524761904761912	0.09156923076923111
14	0.24172000000000007	0.08754285714285727
15	0.24986984126984124	0.08469333333333368
16	0.2538685714285713	0.0805
17	0.2606253968253967	0.07783529411764734
18	0.2593714285714285	0.07333333333333371
19	0.25684126984126976	0.0688842105263161
20	0.24342603174603178	0.06272000000000005
