1	0.07409587301587311	0.3536
2	0.11733523809523821	0.284
3	0.14527619047619056	0.2357333333333334
4	0.16441206349206355	0.2008
5	0.17853015873015887	0.17536000000000077
6	0.18532444444444454	0.15200000000000016
7	0.19633904761904775	0.13874285714285717
8	0.20605333333333342	0.1278
9	0.21484317460317465	0.11875555555555609
10	0.22357968253968252	0.11184000000000022
11	0.23117015873015867	0.10530909090909131
12	0.23630730158730154	0.09893333333333346
13	0.24277587301587292	0.09415384615384653
14	0.25070222222222205	0.0905142857142858
15	0.24939111111111092	0.08458666666666702
16	0.25345206349206323	0.0807
17	0.24816888888888874	0.07520000000000025
18	0.2485561904761903	0.0708444444444448
19	0.23812444444444436	0.06509473684210554
20	0.23496444444444436	0.060960000000000084
