1	0.06363174603174607	0.2912
2	0.09927428571428581	0.2312
3	0.12417841269841275	0.19519999999999965
4	0.13882857142857144	0.1648
5	0.15148317460317465	0.1446400000000006
6	0.1646552380952382	0.1314666666666667
7	0.17445587301587312	0.11977142857142883
8	0.18206476190476203	0.1096
9	0.18838476190476205	0.10080000000000035
10	0.19782412698412707	0.0955200000000004
11	0.20594793650793666	0.09018181818181845
12	0.21359619047619058	0.08573333333333341
13	0.22424952380952395	0.08320000000000026
14	0.23021777777777794	0.07920000000000013
15	0.23600634920634933	0.07573333333333353
16	0.24055492063492073	0.0721
17	0.2449365079365081	0.06936470588235304
18	0.24508761904761922	0.06560000000000031
19	0.2401434920634922	0.06130526315789497
20	0.2414234920634923	0.0588000000000001
