1	0.06635873015873019	0.3168
2	0.10772825396825415	0.256
3	0.13691238095238115	0.21813333333333312
4	0.15908952380952399	0.1916
5	0.17263047619047633	0.16736000000000076
6	0.18271873015873044	0.1482666666666668
7	0.19496571428571458	0.13737142857142876
8	0.2040400000000002	0.126
9	0.2118342857142858	0.11662222222222281
10	0.218689523809524	0.10880000000000031
11	0.22710920634920648	0.10269090909090937
12	0.23356444444444452	0.09653333333333339
13	0.23996317460317468	0.0915692307692311
14	0.24422285714285719	0.0867428571428572
15	0.24606857142857144	0.08170666666666697
16	0.2496990476190476	0.078
17	0.2503276190476191	0.07378823529411788
18	0.2508653968253968	0.06977777777777806
19	0.24996571428571424	0.06568421052631601
20	0.243711746031746	0.06144000000000008
