1	0.06484063492063494	0.312
2	0.0993593650793652	0.2448
3	0.12482095238095256	0.20533333333333303
4	0.14436698412698423	0.1796
5	0.15689714285714298	0.15712000000000068
6	0.16787873015873037	0.14026666666666684
7	0.18045714285714295	0.12982857142857157
8	0.1861879365079366	0.1174
9	0.19257142857142873	0.10791111111111158
10	0.1988723809523811	0.10064000000000038
11	0.2053384126984129	0.0945454545454548
12	0.21325142857142879	0.09000000000000005
13	0.22071682539682547	0.08578461538461567
14	0.22605650793650806	0.08148571428571445
15	0.23080825396825416	0.0774400000000002
16	0.23460126984127	0.074
17	0.24147682539682563	0.07124705882352958
18	0.24125841269841294	0.06728888888888918
19	0.23616507936507955	0.062484210526315954
20	0.23174857142857155	0.05832000000000011
