1	0.06709396825396832	0.3344
2	0.10493142857142869	0.2592
3	0.12540190476190483	0.20799999999999969
4	0.13833269841269852	0.1736
5	0.15237396825396832	0.15328000000000067
6	0.16556126984126995	0.1381333333333334
7	0.17538412698412711	0.12571428571428592
8	0.18825650793650808	0.1178
9	0.19753904761904773	0.11040000000000054
10	0.20569841269841285	0.10400000000000038
11	0.2130101587301588	0.09789090909090944
12	0.2206673015873016	0.09280000000000016
13	0.22695682539682538	0.08800000000000041
14	0.23084063492063492	0.08320000000000005
15	0.23539809523809518	0.07957333333333375
16	0.2382247619047619	0.0755
17	0.23950730158730157	0.07162352941176503
18	0.2391911111111111	0.06773333333333367
19	0.23734476190476184	0.06341052631578971
20	0.23569777777777773	0.06023999999999995
