1	0.06408190476190481	0.3104
2	0.09957142857142869	0.2432
3	0.1229003174603175	0.2015999999999996
4	0.14558349206349208	0.1792
5	0.15696126984126996	0.1561600000000008
6	0.16706412698412706	0.13920000000000007
7	0.17541904761904772	0.1259428571428575
8	0.1855733333333335	0.1166
9	0.1939631746031748	0.10880000000000045
10	0.20234095238095254	0.10192000000000051
11	0.20731365079365097	0.095127272727273
12	0.21308761904761922	0.08973333333333346
13	0.22036190476190495	0.08615384615384662
14	0.22655682539682567	0.0822857142857143
15	0.22789269841269866	0.07754666666666704
16	0.22763492063492086	0.0735
17	0.23074730158730195	0.07002352941176497
18	0.23260698412698438	0.06693333333333365
19	0.23496063492063518	0.06408421052631605
20	0.22914920634920669	0.05944000000000011
