1	0.08844136773652189	0.3303964757709251
2	0.15571987972869022	0.29295154185022027
3	0.19707363121460042	0.2496328928046992
4	0.22829522411020203	0.21806167400881057
5	0.2540172015942942	0.19471365638766527
6	0.27146703027760305	0.17400881057268722
7	0.27902943850080425	0.15418502202643167
8	0.2909237116285575	0.14041850220264318
9	0.3031536256205861	0.13069016152716562
10	0.3176176491154465	0.12290748898678423
11	0.32459268582616596	0.11413696435722878
12	0.3298790294385008	0.10609397944199701
13	0.3343332634081533	0.09928837682141627
14	0.3296342913083	0.09062303335431096
15	0.3209705614991958	0.08193832599118929
16	0.2962555066079296	0.07075991189427312
17	0.2649045521292218	0.060119201865768225
18	0.2632158590308371	0.05653450807635819
19	0.25897489686035946	0.05286343612334792
20	0.2349660862876722	0.0458149779735683
