1	0.07384623452905391	0.29955947136563876
2	0.13679637787567298	0.2841409691629956
3	0.18968778407104403	0.2628487518355361
4	0.22791588000839105	0.236784140969163
5	0.25913572477449137	0.21585903083700458
6	0.2689182574645129	0.184287812041116
7	0.28269002167680585	0.16614222781623667
8	0.28982938256066015	0.14977973568281938
9	0.30363261310397877	0.1395007342143903
10	0.3115201734144466	0.1273127753303966
11	0.31702678134396206	0.11774128954745704
12	0.3283703936787637	0.11270190895741551
13	0.32746486259702107	0.10437139952558439
14	0.3136091881686596	0.09345500314663316
15	0.29591462135515006	0.08223201174743014
16	0.2820379693727712	0.07268722466960352
17	0.25098070065030426	0.061414874319771835
18	0.232698762324313	0.05384238864415066
19	0.20344031885882102	0.044516577788082476
20	0.1722152297042165	0.03612334801762111
