1	0.08219180476889726	0.3392070484581498
2	0.14401440458709172	0.30176211453744495
3	0.1874816446402349	0.26431718061674025
4	0.22711348856723307	0.23788546255506607
5	0.24987937906440122	0.21057268722466974
6	0.2781676106565975	0.19603524229074884
7	0.2977501573316553	0.17998741346758976
8	0.311497447730928	0.1657488986784141
9	0.3275085658345571	0.15418502202643156
10	0.33095762534088535	0.1400881057268724
11	0.3370620935598911	0.13055666800160204
12	0.3459985315712189	0.12187958883994127
13	0.3549244808055382	0.11521518129447622
14	0.3422959932871827	0.10258023914411585
15	0.3296832389343404	0.09221732745961805
16	0.3065974407384099	0.08067180616740088
17	0.29000419551080336	0.07152111946100012
18	0.25474092720788755	0.059716103768967105
19	0.22220474092720785	0.049385578483654026
20	0.20223410950283194	0.04273127753303964
