1	0.08843612334801762	0.3392070484581498
2	0.15047723935389135	0.28854625550660795
3	0.1927679882525698	0.249632892804699
4	0.23237885462555066	0.22246696035242292
5	0.25638766519823786	0.19647577092511015
6	0.2809523809523808	0.18061674008810583
7	0.298169708411999	0.16488357457520442
8	0.32115586322634787	0.15528634361233482
9	0.33624921334172453	0.1448849730788054
10	0.34143066918397336	0.13303964757709258
11	0.35993811621564936	0.1273528233880658
12	0.35182504719949664	0.11417033773861966
13	0.3501363541011119	0.10437139952558432
14	0.32833018670023084	0.0912523599748269
15	0.30329347598070067	0.07870778267254026
16	0.2929515418502203	0.0710352422907489
17	0.27900146842878115	0.06374708473697835
18	0.2641336270190896	0.05726872246696024
19	0.2357929515418502	0.04938557848365399
20	0.20018355359765044	0.04052863436123347
