1	0.08889238514789172	0.3568281938325991
2	0.14683413747290394	0.2973568281938326
3	0.18270575484231874	0.24816446402349504
4	0.2038301517376408	0.20814977973568283
5	0.2251328578421091	0.18502202643171808
6	0.2472064890567095	0.16960352422907485
7	0.2625515698202925	0.15355569540591557
8	0.28205719879728697	0.14372246696035243
9	0.3021187329557374	0.13656387665198208
10	0.31832039717502264	0.1303964757709252
11	0.33283336829592325	0.12414897877452952
12	0.3351828543458499	0.11490455212922161
13	0.33739598629466466	0.10708234496780732
14	0.3281973288581217	0.09786028949024549
15	0.32357702258583304	0.09016152716593231
16	0.3042322215229704	0.07984581497797356
17	0.28804803859869943	0.07100285047939867
18	0.25674952800503464	0.0597161037689671
19	0.2302443885043004	0.04961743565963361
20	0.21001153765470948	0.04207048458149779
