1	0.10295259072792108	0.4052863436123348
2	0.16353052234109502	0.3237885462555066
3	0.21881686595343003	0.28928046989721024
4	0.24943360604153572	0.2488986784140969
5	0.28006083490664996	0.2255506607929516
6	0.2974984266834488	0.19970631424375926
7	0.31464233270400677	0.18061674008810563
8	0.3412698412698414	0.17125550660792951
9	0.351842528494511	0.1571218795888397
10	0.3662436193273199	0.14757709251101325
11	0.3709111250961472	0.13576291549859848
12	0.3883539612614504	0.1303230543318649
13	0.3666806517026781	0.11385970857336469
14	0.34337458918956726	0.09943360604153552
15	0.31671736242220827	0.08546255506607915
16	0.3067687574295505	0.07791850220264317
17	0.2995419900706245	0.07178025395180083
18	0.2902489336410042	0.06558981889378354
19	0.2542374659114747	0.054486436355205135
20	0.22582336899517516	0.0462555066079295
