1	0.10566393958464436	0.42731277533039647
2	0.17795259072792113	0.3568281938325991
3	0.2358506398153975	0.31571218795888406
4	0.2687853996224041	0.2709251101321586
5	0.28608139290958673	0.23259911894273144
6	0.3092930564296205	0.21145374449339205
7	0.32261904761904797	0.19005663939584652
8	0.3332651562827778	0.17180616740088106
9	0.34119467170127993	0.15712187958883972
10	0.3517726033144538	0.14581497797356843
11	0.3560730018879801	0.1333600320384462
12	0.36099223830501376	0.12371512481644639
13	0.3525487728130902	0.1108098949508639
14	0.3310048248374242	0.09754562617998742
15	0.31493077407174347	0.08575624082231999
16	0.30178833647996656	0.07654185022026432
17	0.27693517935808687	0.0660792951541849
18	0.2306324732536186	0.05139500734214384
19	0.2138818963708832	0.044980292140041664
20	0.18954268932242502	0.03744493392070484
