1	0.09395322005454163	0.3788546255506608
2	0.16305328298720367	0.3303964757709251
3	0.20710614642332711	0.27606461086637313
4	0.23363925599608434	0.2356828193832599
5	0.27336025452765567	0.21850220264317202
6	0.29391825746451317	0.19676945668135082
7	0.31330151737640743	0.17935808684707377
8	0.32548947626040153	0.16299559471365638
9	0.33356583455702404	0.14929025942241775
10	0.3408345570239843	0.13700440528634375
11	0.3593787147751906	0.13095714857829405
12	0.35042129920984555	0.11674008810572681
13	0.3550468498706385	0.10945442222975242
14	0.36661597091112513	0.10478288231592209
15	0.3486591846724006	0.09309838472834055
16	0.3185459058807077	0.07984581497797356
17	0.31153415845045795	0.07307592640580444
18	0.292591427172925	0.06485560450318147
19	0.2538878400111881	0.053790864827266326
20	0.22011397804349356	0.044273127753303984
