1	0.06924865394028387	0.28193832599118945
2	0.11705649954548628	0.2356828193832599
3	0.15672155793301173	0.20998531571218815
4	0.19093594853506757	0.1894273127753304
5	0.20297531641143982	0.16475770925110128
6	0.21516327529543394	0.14537444933920712
7	0.23221453045241597	0.13530522341095008
8	0.2471190825816377	0.1261013215859031
9	0.26258653241032104	0.11992168379833552
10	0.2660792951541851	0.10925110132158594
11	0.27167680581777515	0.10092110532639179
12	0.27252115236696745	0.09324522760646108
13	0.26962624991259365	0.08607251779057931
14	0.25707642822180277	0.07740717432347381
15	0.2630969862247396	0.0740088105726871
16	0.2612457170827215	0.06800660792951542
17	0.24917313474582192	0.06141487431977184
18	0.22290923711628557	0.0518844836025452
19	0.2001590797846304	0.04428472061210291
20	0.1718673519334312	0.0359030837004405
