1	0.08914761205510098	0.3744493392070485
2	0.14900181805468138	0.31497797356828194
3	0.2036605831760017	0.2922173274596184
4	0.2422120830711138	0.2599118942731278
5	0.2742937556814209	0.23788546255506615
6	0.2956226837284108	0.2121879588839941
7	0.3152629186770158	0.19383259911894282
8	0.33126879239214047	0.17841409691629956
9	0.3459163694846514	0.16544297601566332
10	0.3565432487238654	0.15286343612334818
11	0.3652908887490385	0.142971565879055
12	0.36577861687993846	0.13215859030837007
13	0.3724704566114257	0.12504235852253442
14	0.36461436263198377	0.11422278162366276
15	0.3611006223341025	0.10513950073421421
16	0.35769176980630707	0.09801762114537445
17	0.307057198797287	0.07748121274941679
18	0.2827774281518776	0.06656877141458627
19	0.2479756660373401	0.05680500811500111
20	0.21355149989511232	0.0458149779735683
