1	0.07467592592592588	0.28888888888888886
2	0.13661155202821865	0.26944444444444443
3	0.17151895943562595	0.22407407407407418
4	0.21352513227513223	0.2111111111111111
5	0.2546186067019401	0.20222222222222225
6	0.2813932980599649	0.18611111111111114
7	0.29642195767195784	0.16984126984126963
8	0.32591931216931236	0.1625
9	0.3489043209876545	0.15555555555555528
10	0.3620061728395063	0.1455555555555557
11	0.3720987654320988	0.13585858585858596
12	0.3855246913580247	0.12916666666666668
13	0.40017636684303354	0.12435897435897415
14	0.41338624338624336	0.11984126984126992
15	0.4227998236331571	0.11407407407407397
16	0.43317019400352735	0.10972222222222222
17	0.4421516754850089	0.1052287581699344
18	0.4507782186948853	0.10185185185185176
19	0.4560559964726632	0.09766081871345023
20	0.4653769841269842	0.09500000000000003
