1	0.09704365079365079	0.3611111111111111
2	0.1660780423280423	0.3138888888888889
3	0.2221494708994709	0.2777777777777778
4	0.2637764550264549	0.24861111111111112
5	0.3012367724867724	0.2255555555555554
6	0.3291600529100528	0.20740740740740746
7	0.35443783068783064	0.1912698412698411
8	0.37277777777777776	0.1763888888888889
9	0.39134920634920645	0.1641975308641972
10	0.41852513227513255	0.15833333333333335
11	0.4298677248677252	0.14797979797979818
12	0.44338624338624355	0.14074074074074072
13	0.4547354497354498	0.13418803418803393
14	0.46672619047619046	0.1281746031746032
15	0.4828373015873017	0.12370370370370352
16	0.49450396825396836	0.11909722222222222
17	0.4993187830687832	0.11339869281045725
18	0.5071891534391535	0.10864197530864189
19	0.5126521164021166	0.10409356725146195
20	0.5209854497354498	0.10027777777777784
