1	0.09659611992945327	0.39444444444444443
2	0.1694885361552027	0.3388888888888889
3	0.21889329805996469	0.2907407407407408
4	0.25993386243386246	0.2611111111111111
5	0.28794973544973546	0.23111111111111116
6	0.30440035273368615	0.20555555555555563
7	0.33482363315696656	0.19365079365079352
8	0.3638800705467371	0.18541666666666667
9	0.37985890652557314	0.17222222222222183
10	0.38976631393298056	0.15888888888888889
11	0.41004409171075834	0.15151515151515169
12	0.42774250440917105	0.14490740740740737
13	0.4431657848324514	0.13846153846153822
14	0.4563668430335096	0.13293650793650794
15	0.47077160493827147	0.12814814814814796
16	0.480401234567901	0.12291666666666666
17	0.49373456790123454	0.1189542483660128
18	0.5028086419753086	0.11450617283950609
19	0.5129938271604938	0.11052631578947365
20	0.5176234567901233	0.10583333333333342
