1	0.10531084656084651	0.4111111111111111
2	0.17148148148148132	0.33611111111111114
3	0.2168783068783068	0.2870370370370373
4	0.2618386243386244	0.2625
5	0.3062037037037038	0.24444444444444463
6	0.3387962962962965	0.2249999999999999
7	0.3647288359788361	0.20793650793650784
8	0.38796957671957677	0.19375
9	0.4078373015873015	0.1814814814814811
10	0.42557539682539675	0.1705555555555557
11	0.4365608465608464	0.16010101010101033
12	0.4447156084656083	0.14999999999999994
13	0.4575859788359787	0.142307692307692
14	0.4722685185185183	0.136904761904762
15	0.47856481481481455	0.12962962962962937
16	0.49032407407407397	0.12430555555555556
17	0.5109722222222222	0.12156862745098011
18	0.5199537037037035	0.11666666666666667
19	0.5255092592592591	0.1116959064327485
20	0.52630291005291	0.10638888888888888
