1	0.09779982363315695	0.36666666666666664
2	0.17516093474426803	0.32222222222222224
3	0.219157848324515	0.2722222222222223
4	0.256494708994709	0.24027777777777778
5	0.2865410052910053	0.21666666666666667
6	0.3160780423280423	0.19907407407407413
7	0.33322310405643746	0.1817460317460315
8	0.3587786596119931	0.17083333333333334
9	0.3735471781305115	0.1592592592592589
10	0.3924360670194004	0.15055555555555555
11	0.40350088183421523	0.14090909090909115
12	0.4138249559082892	0.1328703703703704
13	0.4352138447971782	0.12905982905982877
14	0.4453527336860671	0.1230158730158729
15	0.45526014109347446	0.11740740740740721
16	0.463778659611993	0.11215277777777778
17	0.4740564373897707	0.10784313725490172
18	0.49466490299823646	0.10617283950617272
19	0.5062389770723105	0.10263157894736824
20	0.5087389770723104	0.0980555555555556
