1	0.10343915343915344	0.40555555555555556
2	0.17515873015873007	0.34444444444444444
3	0.23183201058201047	0.30370370370370375
4	0.2727248677248677	0.2722222222222222
5	0.29892857142857143	0.24111111111111105
6	0.3163822751322752	0.21296296296296302
7	0.3468055555555556	0.19999999999999993
8	0.37217592592592597	0.18680555555555556
9	0.383888888888889	0.17222222222222186
10	0.39889550264550266	0.16166666666666668
11	0.4201058201058202	0.1550505050505052
12	0.438346560846561	0.14814814814814814
13	0.4433928571428573	0.13846153846153816
14	0.4516798941798943	0.1309523809523809
15	0.4597817460317462	0.12444444444444422
16	0.4717791005291006	0.11979166666666667
17	0.4800330687830689	0.11535947712418275
18	0.4904034391534393	0.11111111111111097
19	0.496607142857143	0.1064327485380115
20	0.5071626984126987	0.10333333333333337
