1	0.11019841269841267	0.4166666666666667
2	0.18316798941798934	0.35
3	0.2379431216931218	0.3018518518518519
4	0.27891534391534395	0.26666666666666666
5	0.3142857142857142	0.24222222222222214
6	0.35076719576719567	0.22592592592592584
7	0.3755357142857143	0.207142857142857
8	0.4000727513227514	0.19375
9	0.4097023809523811	0.17654320987654287
10	0.4279960317460319	0.1661111111111112
11	0.4390145502645504	0.15505050505050524
12	0.45910714285714305	0.14861111111111117
13	0.46688492063492076	0.13974358974358947
14	0.47591931216931227	0.13253968253968254
15	0.4830489417989418	0.12555555555555534
16	0.4901785714285715	0.11944444444444445
17	0.4931415343915346	0.11307189542483634
18	0.5036970899470901	0.10895061728395047
19	0.5131415343915344	0.10497076023391799
20	0.5202711640211642	0.10111111111111121
