1	0.11114417989417985	0.4388888888888889
2	0.18722883597883594	0.36944444444444446
3	0.242665343915344	0.31851851851851876
4	0.2873611111111111	0.2861111111111111
5	0.3197817460317461	0.2555555555555557
6	0.34511904761904766	0.2305555555555555
7	0.3754563492063492	0.21587301587301597
8	0.38676587301587306	0.19444444444444445
9	0.40330026455026463	0.18024691358024664
10	0.41770502645502644	0.16833333333333345
11	0.4366865079365081	0.1595959595959597
12	0.45405423280423296	0.1523148148148148
13	0.46179232804232817	0.1431623931623929
14	0.47791666666666677	0.13730158730158734
15	0.489814814814815	0.13148148148148128
16	0.501388888888889	0.12604166666666666
17	0.5068121693121693	0.11993464052287559
18	0.5095899470899472	0.11388888888888887
19	0.5128306878306879	0.10847953216374263
20	0.5218121693121692	0.10472222222222233
