1	0.1075595238095238	0.43333333333333335
2	0.19261243386243385	0.3861111111111111
3	0.24530423280423286	0.33148148148148165
4	0.285489417989418	0.2902777777777778
5	0.32211640211640213	0.2633333333333335
6	0.34824074074074074	0.23796296296296282
7	0.3745502645502647	0.22063492063492057
8	0.39808201058201065	0.20625
9	0.41928571428571454	0.19382716049382698
10	0.43261904761904785	0.17944444444444446
11	0.4409523809523811	0.16616161616161634
12	0.45891534391534405	0.1583333333333333
13	0.46637566137566144	0.14871794871794844
14	0.4691534391534392	0.13888888888888895
15	0.4815211640211641	0.13296296296296276
16	0.48383597883597884	0.12534722222222222
17	0.49245370370370367	0.12026143790849646
18	0.49495370370370373	0.11419753086419748
19	0.5058796296296296	0.11052631578947363
20	0.5072685185185185	0.10527777777777786
