1	0.10318121693121693	0.40555555555555556
2	0.16862654320987647	0.33611111111111114
3	0.21842372134038787	0.2981481481481483
4	0.26627645502645514	0.2763888888888889
5	0.30841269841269864	0.25888888888888906
6	0.3419047619047621	0.2416666666666665
7	0.37248897707231055	0.22698412698412695
8	0.3917085537918871	0.20833333333333334
9	0.4124096119929454	0.19444444444444417
10	0.4394466490299824	0.18611111111111128
11	0.4532958553791888	0.1747474747474749
12	0.46248456790123454	0.1638888888888888
13	0.4713425925925926	0.15427350427350398
14	0.484975749559083	0.1476190476190477
15	0.5011794532627867	0.142222222222222
16	0.5140498236331571	0.13645833333333332
17	0.5184479717813052	0.129738562091503
18	0.5254541446208114	0.12438271604938278
19	0.5363403880070549	0.12017543859649121
20	0.5457848324514992	0.11583333333333336
