1	0.10614056619211262	0.45103092783505155
2	0.1707535591556212	0.36597938144329895
3	0.21578403698249082	0.3127147766323018
4	0.24299725904107367	0.2693298969072165
5	0.2763377515954836	0.24484536082474306
6	0.2936681803305516	0.2177835051546394
7	0.3123629520536738	0.1988217967599416
8	0.3262600229095076	0.18234536082474226
9	0.34654823269514007	0.17268041237113468
10	0.3643245786287024	0.1644329896907221
11	0.3780518736704303	0.15510777881911933
12	0.3872535182457861	0.14604810996563586
13	0.39871440844378975	0.13877874702617002
14	0.4090114138438878	0.1321796759941091
15	0.41770168548519065	0.12628865979381476
16	0.4305483963344789	0.12193943298969072
17	0.4416646211749305	0.11810187992722887
18	0.45319710358370163	0.11454753722795
19	0.46304307805596484	0.11068909386869268
20	0.4691672803141878	0.10644329896907206
