1	0.08632997872688589	0.3865979381443299
2	0.14398727704140088	0.31829896907216493
3	0.1870765832106039	0.2731958762886595
4	0.22270393552610065	0.24677835051546393
5	0.2495111274750453	0.2231958762886606
6	0.27905927835051564	0.20747422680412375
7	0.30015954835542485	0.19072164948453646
8	0.31334478808705635	0.17429123711340205
9	0.32725720013091175	0.1620847651775491
10	0.34209315169366755	0.15309278350515504
11	0.3525047046309935	0.1438612933458298
12	0.3668609883816069	0.13767182130584205
13	0.3732920144002617	0.12965900079302173
14	0.38260513827524123	0.12352724594992655
15	0.3935342006218292	0.11872852233677
16	0.40602192767141215	0.11469072164948453
17	0.4166840533464245	0.11082474226804133
18	0.42134777450499106	0.10581328751431876
19	0.43004929635084266	0.10255018990775931
20	0.43799091801669116	0.09935567010309279
