1	0.10128763704794631	0.4329896907216495
2	0.17534261986581576	0.37628865979381443
3	0.22393020782196055	0.32216494845360805
4	0.260418712158403	0.28414948453608246
5	0.2939760268368518	0.25567010309278426
6	0.319629561446572	0.23109965635738836
7	0.341122565864834	0.21207658321060419
8	0.3553571428571428	0.19458762886597938
9	0.3686364752086402	0.17983963344788145
10	0.3792495090819831	0.166494845360825
11	0.389908566519391	0.15581068416120006
12	0.4014666175748648	0.14712199312714788
13	0.4199220667648502	0.1419508326724824
14	0.4266507118311241	0.13383652430044193
15	0.4371778350515462	0.12800687285223392
16	0.44646232204221875	0.12258376288659793
17	0.4537504090983469	0.1173438447543968
18	0.45876390934380606	0.11239977090492571
19	0.4625225004090982	0.10729788388497026
20	0.47335337915234804	0.1042525773195876
