1	0.09634470626738667	0.4020618556701031
2	0.15680535100638204	0.32989690721649484
3	0.20172844051710045	0.28436426116838465
4	0.23479585992472612	0.24935567010309279
5	0.26466924398625435	0.22628865979381507
6	0.29059585174275915	0.20704467353951897
7	0.3101282523318608	0.18998527245949953
8	0.3312540909834728	0.17751288659793815
9	0.34408239240713506	0.164375715922108
10	0.36507629684176107	0.1572164948453613
11	0.3806107838324335	0.14995313964386153
12	0.3911563164784815	0.14153780068728522
13	0.40071694485354276	0.1344171292624904
14	0.4049122484045165	0.12647275405007388
15	0.4165204140075275	0.12164948453608274
16	0.4271610620193094	0.1169458762886598
17	0.4322604729176893	0.1117343844754398
18	0.4387037718867615	0.10724513172966815
19	0.44271191294387174	0.10282148670645708
20	0.44789109801996413	0.09896907216494849
