1	0.09795450826378663	0.39690721649484534
2	0.14839735722467698	0.30541237113402064
3	0.19334601538209797	0.2654639175257729
4	0.22672844051710062	0.2338917525773196
5	0.2619037391588941	0.2164948453608256
6	0.27710992472590434	0.19115120274914082
7	0.29905191458026525	0.17746686303387377
8	0.3159466535755197	0.1646262886597938
9	0.33061589756177395	0.15320733104238302
10	0.3479729176894125	0.1456185567010314
11	0.36784282441498933	0.13987816307403964
12	0.37632956962853886	0.13122852233676977
13	0.38863933889707086	0.12509912767644757
14	0.40032625593192617	0.11947717231222406
15	0.41277511863852084	0.11529209621993154
16	0.42514625265913936	0.11098582474226804
17	0.43582781050564556	0.10718617343844766
18	0.44412534773359513	0.10337915234822481
19	0.45031091474390444	0.09929462832338597
20	0.45421984945180827	0.09523195876288665
