1	0.08273298150875463	0.36597938144329895
2	0.14232531500572757	0.3118556701030928
3	0.18718499427262325	0.2731958762886595
4	0.2190220504009165	0.24097938144329897
5	0.24527900507281958	0.21701030927835113
6	0.26555698739977085	0.1988831615120276
7	0.28517734413352963	0.1833578792341682
8	0.3033699476354115	0.17042525773195877
9	0.31820589919816716	0.15922107674685038
10	0.33678510063819356	0.15180412371134058
11	0.3518603747340862	0.14432989690721695
12	0.37120356733758814	0.13917525773195885
13	0.3813880706921947	0.13203806502775606
14	0.3940230731467845	0.1268409425625922
15	0.40425666830305984	0.12147766323024078
16	0.4124273850433642	0.11662371134020619
17	0.4186630666012108	0.11143117040630707
18	0.4257425135002453	0.10695876288659828
19	0.4344900589101617	0.10322843190450375
20	0.44530252822778565	0.10051546391752578
