1	0.08224513172966776	0.36082474226804123
2	0.15592169857633792	0.3389175257731959
3	0.19797189494354459	0.2869415807560134
4	0.2335951562755688	0.25644329896907214
5	0.2648697021764034	0.2309278350515474
6	0.2859842906234661	0.2087628865979382
7	0.3045675830469647	0.19145802650957325
8	0.3238606611029294	0.1791237113402062
9	0.34312817051219147	0.1692439862542959
10	0.3577115038455246	0.15824742268041272
11	0.37081594665357553	0.14948453608247445
12	0.3839347079037799	0.14196735395188997
13	0.39606549664539364	0.135408406026963
14	0.40636659302896416	0.1290500736377027
15	0.4190261413843889	0.12388316151202779
16	0.42504295532646036	0.11807345360824742
17	0.43659282441498926	0.11385688295936947
18	0.4427415725740468	0.10910652920962229
19	0.451428775977745	0.10539880629408596
20	0.45928960072001307	0.1019329896907216
