1	0.10078137784323356	0.43556701030927836
2	0.16262272950417292	0.36082474226804123
3	0.20624795450826386	0.3049828178694152
4	0.23829262804778273	0.2661082474226804
5	0.26725167730322374	0.23917525773195933
6	0.2968028964162984	0.22121993127147774
7	0.31948535427916874	0.2050810014727544
8	0.34574537718867626	0.19394329896907217
9	0.3645056046473575	0.18184421534937037
10	0.3797005400098187	0.17061855670103135
11	0.3914191621665852	0.15979381443299007
12	0.4034660857470139	0.15141752577319592
13	0.4171964490263463	0.14472640761300581
14	0.4275333415153006	0.13770250368188536
15	0.43690373915889413	0.1314432989690724
16	0.44385738831615157	0.12596649484536082
17	0.4530528964162988	0.12098241358399042
18	0.459248690885289	0.11597938144329922
19	0.4638295696285389	0.11109603906673919
20	0.47060423825887765	0.10708762886597945
