1	0.07991633938798881	0.35309278350515466
2	0.1447758141057111	0.32216494845360827
3	0.19550605465553939	0.29037800687285187
4	0.2296698576337753	0.25902061855670105
5	0.2637232040582556	0.24072164948453686
6	0.28877434135166097	0.22079037800687293
7	0.3126851170021274	0.20581737849779114
8	0.33963242513500275	0.1955541237113402
9	0.35472406316478505	0.18098510882016086
10	0.3712567501227299	0.1711340206185571
11	0.3797966781214206	0.15932521087160292
12	0.3987011127475045	0.1531357388316151
13	0.41151816396661756	0.1459159397303731
14	0.42371849942726236	0.1399116347569958
15	0.4356447389952545	0.13419243986254326
16	0.44707085583374234	0.12886597938144329
17	0.45603010963835666	0.12355973317161938
18	0.46127065946653545	0.11798396334478851
19	0.46936671575846795	0.11380900705371709
20	0.47976190476190433	0.11018041237113399
