1	0.1005819423989527	0.4175257731958763
2	0.1622586319751269	0.33762886597938147
3	0.2119579446899035	0.2946735395189002
4	0.2389492308951072	0.25128865979381443
5	0.2633642202585502	0.2231958762886604
6	0.2901049337260679	0.20575601374570443
7	0.3133529700540011	0.19145802650957322
8	0.3333987890688924	0.17783505154639176
9	0.3492411225658649	0.16609392898052724
10	0.3636577483226967	0.1559278350515467
11	0.37505829651448214	0.14643861293345858
12	0.3841934626084112	0.1374570446735395
13	0.39691130747831793	0.13104678826328334
14	0.40574783177875984	0.12444771723122262
15	0.41784998363606624	0.11975945017182149
16	0.42731345115365754	0.11501288659793814
17	0.43610088365243027	0.11036992116434209
18	0.44242145311732967	0.10581328751431873
19	0.44932294223531344	0.10187194791101487
20	0.456442276223204	0.09845360824742272
