1	0.09658590308370041	0.3656387665198238
2	0.15980176211453737	0.30616740088105726
3	0.21644640234948598	0.27753303964757714
4	0.25558002936857555	0.24669603524229075
5	0.29607719739878335	0.2290748898678415
6	0.3157960981749529	0.20337738619676937
7	0.3483585063981541	0.19194461925739464
8	0.3694671701279632	0.1789647577092511
9	0.3932242500524439	0.1698482623592755
10	0.4016310048248375	0.15682819383259936
11	0.421454793371093	0.15018021625951156
12	0.4362492133417244	0.14280469897209974
13	0.4476714915040907	0.13520840393087058
14	0.46386616320537033	0.12995594713656403
15	0.4772708202223622	0.12511013215859004
16	0.486343612334802	0.11949339207048458
17	0.501395007342144	0.11583311738792403
18	0.5143906020558004	0.11209006363191387
19	0.5239353891336272	0.10781358683051237
20	0.5290748898678417	0.10330396475770935
