1	0.09621529962939653	0.3876651982378855
2	0.16691140479686728	0.3392070484581498
3	0.2142524998251872	0.29074889867841436
4	0.2495419900706246	0.2544052863436123
5	0.27773232641074075	0.22819383259911918
6	0.3120848192434097	0.2143906020558001
7	0.34173134745821987	0.20327249842668366
8	0.36597615551360047	0.191079295154185
9	0.39304768897279907	0.18208516886930992
10	0.4049227326760366	0.16916299559471373
11	0.41646737990350324	0.1589907889467363
12	0.4344608768617579	0.15161527165932448
13	0.4445930354520662	0.14334124025753955
14	0.4592406125445771	0.13719320327249854
15	0.4653031256555483	0.12980910425844322
16	0.4812722886511431	0.12527533039647576
17	0.4890654499685335	0.11997926924073565
18	0.4937382001258652	0.11478218306412145
19	0.49950178309209137	0.11013215859030834
20	0.509376966645689	0.10660792951541861
