1	0.10945038808474927	0.43612334801762115
2	0.18651143276693946	0.3634361233480176
3	0.23535242290748906	0.30983847283406746
4	0.27997168030207686	0.2775330396475771
5	0.31073526326830314	0.24845814977973577
6	0.3340588070764284	0.2224669603524229
7	0.35965841549542005	0.2064191315292638
8	0.37849625900286704	0.18997797356828194
9	0.39655793301167735	0.17719040626529606
10	0.40911299909097243	0.16475770925110153
11	0.4132001258653239	0.15178213856627962
12	0.4272236207258232	0.1435389133627019
13	0.43904447241451633	0.13656387665198208
14	0.44855779316131733	0.129641283826306
15	0.4623365498916159	0.12481644640234926
16	0.4776816306551989	0.12059471365638766
17	0.4910198587511363	0.11686965535112695
18	0.4976277882665548	0.11160058737151249
19	0.5036483462694916	0.10688615812659401
20	0.5095640165023425	0.10286343612334801
