1	0.10305922662750854	0.3832599118942731
2	0.1696699531501294	0.31718061674008813
3	0.22120481085238788	0.2790014684287815
4	0.2558352562757849	0.24118942731277532
5	0.2843227746311448	0.21585903083700458
6	0.3117823928396617	0.19970631424375915
7	0.32978113418642047	0.18313404657017004
8	0.34812950143346605	0.17015418502202642
9	0.364551429969932	0.15859030837004393
10	0.38273547304384287	0.14977973568281952
11	0.40052094259142695	0.14297156587905507
12	0.4100657296692537	0.13436123348017617
13	0.4217397384798265	0.12741443578447953
14	0.4295958324592685	0.12051604782882328
15	0.4449409132228516	0.11629955947136542
16	0.4486854066149222	0.11013215859030837
17	0.4613558492413119	0.10650427571909794
18	0.4705335291238375	0.10230053842388645
19	0.48452555765331107	0.0996985856712265
20	0.4894447940703448	0.09559471365638776
