1	0.11290119572057893	0.44933920704845814
2	0.18977868680511842	0.3788546255506608
3	0.24333962659953837	0.3274596182085171
4	0.29536396056219844	0.29955947136563876
5	0.3330396475770927	0.2713656387665199
6	0.3531990769876235	0.2422907488986784
7	0.36524543738200155	0.21585903083700447
8	0.3880427942101953	0.20044052863436124
9	0.39980770575484254	0.18502202643171795
10	0.4112614502482345	0.17136563876651995
11	0.4276763862666948	0.16219463356027258
12	0.45077267323963377	0.1556534508076359
13	0.46689392350185316	0.14876313114198553
14	0.47875148591007644	0.1419131529263689
15	0.4905356268792394	0.1359765051395005
16	0.5029910495769527	0.1307819383259912
17	0.5070292287252641	0.12412542109354725
18	0.5168362352283059	0.11943220753793451
19	0.5228200825117127	0.11453744493392078
20	0.52538983287882	0.10925110132158598
