1	0.10215719180476882	0.42290748898678415
2	0.1805503111670513	0.3700440528634361
3	0.22413117963778764	0.3054331864904552
4	0.27081322984406686	0.27973568281938327
5	0.3179305642962033	0.26167400881057296
6	0.33045940843297694	0.22760646108663724
7	0.35345080763582987	0.20830711139081207
8	0.3699881127193904	0.19162995594713655
9	0.3829102859939865	0.17670093000489465
10	0.3943745192643872	0.1638766519823791
11	0.4122893503950774	0.15578694433319992
12	0.41739214040976164	0.14464023494860495
13	0.4336602335501015	0.13859708573364932
14	0.44633592056499566	0.13278791692888622
15	0.45405041605482144	0.12628487518355339
16	0.46256730298580534	0.12059471365638766
17	0.4710527235857632	0.11557398289712333
18	0.4849049017551221	0.11233480176211463
19	0.49596007272218706	0.10850915835845126
20	0.5054681490804838	0.10506607929515423
