1	0.06956681350954476	0.28634361233480177
2	0.13126354800363602	0.2709251101321586
3	0.17486189776938676	0.23935389133627036
4	0.22319068596601646	0.22797356828193832
5	0.25343157821131407	0.20792951541850227
6	0.2770540521641844	0.19089574155653452
7	0.3041640444724145	0.17935808684707366
8	0.3255104538144186	0.1685022026431718
9	0.34842318718970705	0.1605482134116494
10	0.36932906789735	0.15330396475770927
11	0.37960806936577873	0.1429715658790551
12	0.3955090553108175	0.13693098384728336
13	0.4028931543248724	0.12910877668586893
14	0.41845849940563595	0.12460667086217758
15	0.42560485280749605	0.11864904552129202
16	0.42972169778337177	0.11261013215859031
17	0.43978043493462	0.10831821715470304
18	0.45088455352772533	0.10499265785609399
19	0.4602510313964059	0.10178530025504286
20	0.4696489755961122	0.09889867841409701
