1	0.10145794000419549	0.4008810572687225
2	0.16330151737640727	0.32819383259911894
3	0.2228428081952312	0.3024963289280471
4	0.2645147192504022	0.2698237885462555
5	0.30608174253548714	0.2493392070484584
6	0.33145409411929244	0.225403817914831
7	0.3566061813859171	0.2076777847702959
8	0.37423781553737506	0.19162995594713655
9	0.3887018390322356	0.17670093000489462
10	0.40782812390741907	0.16696035242290774
11	0.4175931753024265	0.1557869443332
12	0.4358121809663659	0.14941262848751832
13	0.4508688203622124	0.14266350389698376
14	0.45597161037689676	0.13404657016991825
15	0.46588350465002454	0.12775330396475745
16	0.4737028879099364	0.12197136563876652
17	0.47898923152227124	0.11583311738792405
18	0.4827022585833158	0.1103768967205091
19	0.488502552269072	0.10595872942267562
20	0.49405111530662177	0.10198237885462562
