1	0.10003321446052718	0.40969162995594716
2	0.1644884973078805	0.34140969162995594
3	0.21813334731836953	0.30690161527165954
4	0.25603629116844984	0.27312775330396477
5	0.30249807705754855	0.25638766519823813
6	0.33001713166911395	0.2349486049926577
7	0.3495891895671631	0.21397105097545635
8	0.3791745332494233	0.20374449339207049
9	0.40260121669813326	0.1923641703377387
10	0.4168869309838475	0.17929515418502243
11	0.4343297671491505	0.16940328394072907
12	0.4449601426473675	0.16005873715124813
13	0.4575256975036711	0.1521518129447642
14	0.470930354520663	0.1450597860289491
15	0.4818142087965877	0.13891336270190865
16	0.49114922033424246	0.1327092511013216
17	0.49805083560590174	0.12645763151075373
18	0.5050258723166212	0.1209006363191386
19	0.5185773722117335	0.11755158822165547
20	0.5265610796447802	0.11365638766519834
