1	0.09158974896860356	0.3744493392070485
2	0.15798370743304663	0.32599118942731276
3	0.20856233829802118	0.28634361233480193
4	0.24861897769386765	0.2544052863436123
5	0.2715317110691561	0.22202643171806172
6	0.3011205510104188	0.2048458149779735
7	0.3234931123697644	0.18942731277533037
8	0.33521432067687573	0.17345814977973567
9	0.3487238654639536	0.16005873715124802
10	0.3654814348646949	0.15110132158590325
11	0.37975316411439786	0.14337204645574705
12	0.39887944898958133	0.1383994126284874
13	0.40994161247465233	0.13114198576753613
14	0.42617823928396636	0.1268093140339837
15	0.43414970981050294	0.12070484581497773
16	0.4416019858751138	0.11536343612334801
17	0.4506083490664989	0.11090956206271026
18	0.4601636249213342	0.10719530102790015
19	0.4705212922173274	0.10364015766287964
20	0.4777585483532619	0.1000000000000001
