1	0.09481518097435045	0.3737024221453287
2	0.15613225682429843	0.3027681660899654
3	0.19689954413137817	0.25720876585928476
4	0.23336079529851167	0.22837370242214533
5	0.27072829131652654	0.213148788927336
6	0.2962514417531718	0.19434832756632048
7	0.3091695501730103	0.17449332674246196
8	0.3221013895754378	0.15960207612456748
9	0.3347641017191189	0.1476355247981547
10	0.34549074531773494	0.1370242214532875
11	0.36092162355138135	0.13022963195973603
12	0.3730982589114077	0.12399077277970018
13	0.38157576756192674	0.11684854937450077
14	0.38722743999560605	0.11023232822540803
15	0.3943785357280167	0.10472895040369065
16	0.4012989509529302	0.10012975778546712
17	0.4064892623716153	0.09566456340321569
18	0.40948810896907784	0.09111880046136112
19	0.41415938924589446	0.08741577126206519
20	0.4205031032020651	0.08425605536332198
