1	0.10799692425989996	0.43252595155709345
2	0.17347448783434963	0.3477508650519031
3	0.21619981325863696	0.29411764705882315
4	0.2528134783325096	0.26038062283737023
5	0.2795943867743174	0.23252595155709394
6	0.3099755588509912	0.21453287197231818
7	0.32583896303619464	0.19426594167078623
8	0.3430631075959794	0.17993079584775087
9	0.35313615642335344	0.16493656286043853
10	0.36465095842258444	0.1539792387543255
11	0.37189267864008313	0.14281220509594247
12	0.3781883341571919	0.13350634371395625
13	0.39064508156203614	0.12696300239552832
14	0.39829049266765487	0.1201186356895702
15	0.4076330532212881	0.11441753171856965
16	0.41701406052617085	0.10964532871972318
17	0.42191602131048456	0.10421331162222647
18	0.4307972208491236	0.10053825451749343
19	0.43662190366342585	0.09652158076853043
20	0.4382943373427799	0.0923875432525953
