1	0.09793486021859715	0.4013840830449827
2	0.15966798484099534	0.32525951557093424
3	0.20663343768880119	0.28373702422145314
4	0.24634206623826024	0.25519031141868515
5	0.27977975503927066	0.23391003460207654
6	0.3066993464052288	0.2139561707035754
7	0.329929422749492	0.197726149283243
8	0.3487669577634976	0.18252595155709342
9	0.36215878508266053	0.16916570549788565
10	0.3746045477014336	0.15778546712802802
11	0.38328390179601257	0.14690154136520933
12	0.3884247816773768	0.1366782006920414
13	0.40201433514582313	0.13042321000798496
14	0.40988630746416216	0.12333168561542285
15	0.4208285274894273	0.1183391003460206
16	0.43216894600977657	0.11397058823529412
17	0.44208820783215264	0.10970893547730481
18	0.4489262371615314	0.10515186466743565
19	0.45109298621409366	0.10034602076124566
20	0.4586615038172132	0.09705882352941193
