1	0.10486900642609978	0.42214532871972316
2	0.1681454934915143	0.3373702422145329
3	0.21255561047948598	0.28489042675893894
4	0.25166419508980076	0.25259515570934254
5	0.27626462349645753	0.2221453287197234
6	0.30127698138078784	0.2029988465974624
7	0.3229939034437305	0.1868512110726646
8	0.3375652221672984	0.17128027681660898
9	0.35317460317460325	0.15878508266051525
10	0.36920689844565274	0.1491349480968861
11	0.3838303949030593	0.14092481912551136
12	0.39551271488987755	0.13321799307958473
13	0.39868457186796286	0.12376896459941426
14	0.40589333772724784	0.1169055857637175
15	0.4136788048552755	0.11095732410611278
16	0.422271653759543	0.10618512110726644
17	0.429711100126325	0.10156727050681835
18	0.4311528532981821	0.09611687812379868
19	0.43461306091063884	0.09178655982516856
20	0.4397539407920031	0.08823529411764715
