1	0.09387598176525505	0.39792387543252594
2	0.1554306036139946	0.32525951557093424
3	0.1931139122315594	0.2745098039215687
4	0.2256810567364203	0.24048442906574394
5	0.24755588509913787	0.21176470588235322
6	0.2728277585544022	0.19550173010380606
7	0.2990511891030924	0.1833910034602078
8	0.31816197067062135	0.17128027681660898
9	0.3378988850442138	0.16109188773548644
10	0.35010572856593614	0.150173010380623
11	0.362397704179711	0.14123938345391657
12	0.3767136266271213	0.13494809688581316
13	0.387352391937167	0.12829385147724243
14	0.3989523260284506	0.12259021255561069
15	0.4062517163728236	0.11672433679354077
16	0.4166982479266215	0.11224048442906574
17	0.42500274619651773	0.10787706085894537
18	0.4288172131597736	0.1030372933487122
19	0.43127231284670725	0.09834274266982344
20	0.4300612401823474	0.09307958477508663
