1	0.10259652880760137	0.4083044982698962
2	0.16029961004009452	0.314878892733564
3	0.205471796561762	0.27335640138408296
4	0.2379771516449719	0.2378892733564014
5	0.26624375240292203	0.21314878892733588
6	0.2972675344647664	0.1989619377162628
7	0.3197382874718515	0.18487394957983222
8	0.3355193057615204	0.1699826989619377
9	0.36097380128522	0.1626297577854673
10	0.3781965727467458	0.15328719723183418
11	0.3897731641676278	0.14375589808115785
12	0.40225188114461474	0.13610149942329872
13	0.40978195199648487	0.12776151184455675
14	0.41921513703520624	0.1213544241225904
15	0.42804278574174776	0.11580161476355229
16	0.4338427527873896	0.11007785467128027
17	0.43741830065359494	0.10441685324648863
18	0.44598643378920216	0.10053825451749339
19	0.453055143626078	0.09688581314878898
20	0.45804772889547984	0.09307958477508657
