1	0.09538364365353975	0.3875432525951557
2	0.1705388037567969	0.34256055363321797
3	0.21239495798319338	0.2871972318339097
4	0.255129895095293	0.2629757785467128
5	0.28768605481408244	0.23875432525951593
6	0.3152111825122207	0.21914648212226046
7	0.3325589059153074	0.19871478002965928
8	0.3522711045202395	0.1846885813148789
9	0.3656299774811887	0.17031910803537115
10	0.377744823419564	0.15813148788927367
11	0.3850194979952767	0.14658697703680415
12	0.3921788323172408	0.1369665513264129
13	0.40279013566210814	0.12962470055895656
14	0.41018015049156925	0.12283737024221475
15	0.42016532103037296	0.11718569780853506
16	0.4288776294831659	0.11224048442906574
17	0.42256686988520903	0.10360268674944
18	0.4311597187894766	0.09957708573625544
19	0.42914126434887684	0.09415407029684947
20	0.4332111275882902	0.09048442906574404
