1	0.07964107211512052	0.33217993079584773
2	0.14092244741033663	0.2958477508650519
3	0.17768028780139516	0.24913494809688577
4	0.20207475146921527	0.21453287197231835
5	0.23222524303839204	0.1958477508650522
6	0.25466853408029894	0.17993079584775068
7	0.2729582028889987	0.16608996539792414
8	0.28874883286647984	0.15441176470588236
9	0.30203218542318877	0.14417531718569787
10	0.31048497830504734	0.1335640138408307
11	0.33039490305926267	0.1292859389745205
12	0.34449936837480066	0.12341407151095729
13	0.35370187290602495	0.11738088900718635
14	0.3628467073103748	0.11196243203163635
15	0.37420772230460786	0.10749711649365604
16	0.38069973087274095	0.10250865051903114
17	0.3879661668589002	0.09831060451862379
18	0.39351623002142	0.0943867743175703
19	0.4007249958807049	0.090875978874522
20	0.40638490690393775	0.08771626297577867
