1	0.1012110726643598	0.4083044982698962
2	0.1621560388861427	0.33391003460207613
3	0.2142033283901796	0.2975778546712799
4	0.25098863074641625	0.26124567474048443
5	0.2788268248475862	0.23321799307958518
6	0.30149118470917774	0.21049596309111865
7	0.31819904432361185	0.1922886801779538
8	0.33498928983358045	0.1777681660899654
9	0.347301861921239	0.1641676278354481
10	0.3628810347668479	0.15467128027681692
11	0.3711031471412094	0.1440704624095631
12	0.38789339265117806	0.1375432525951558
13	0.39319904432361164	0.12856002129358532
14	0.4126050420168067	0.1253089471082553
15	0.418026033942989	0.1183391003460206
16	0.42515241390673914	0.11288927335640138
17	0.4319286538144669	0.10767351923468321
18	0.44213626627121433	0.10438292964244539
19	0.4461443400889767	0.09998178838098719
20	0.44946037238424774	0.09567474048442921
