1	0.08943675509419448	0.3806228373702422
2	0.16432004174218703	0.3477508650519031
3	0.1958340198824628	0.27912341407151103
4	0.23036194870104923	0.2517301038062284
5	0.26824572966441484	0.2332179930795851
6	0.3097915636842973	0.22433679354094593
7	0.33032212885154066	0.20316361838853203
8	0.35342725325424296	0.189878892733564
9	0.36898308342945024	0.17647058823529413
10	0.38260147196133343	0.16470588235294134
11	0.3978730707969461	0.15602390688895895
12	0.41105069478771905	0.147347174163783
13	0.42106470038995986	0.13973915357998393
14	0.4295271049596308	0.13272367770637677
15	0.4407823913879278	0.12710495963091106
16	0.45155160103256997	0.12240484429065744
17	0.45836628769154725	0.11723997557500485
18	0.4592025045312243	0.1113033448673588
19	0.4621189652331522	0.10617373884538336
20	0.46958724666337126	0.10242214532871975
