1	0.08427248677248675	0.3277777777777778
2	0.14880952380952375	0.2916666666666667
3	0.19487433862433853	0.2611111111111111
4	0.22728174603174592	0.22777777777777777
5	0.24932539682539678	0.20222222222222203
6	0.27344576719576713	0.1842592592592593
7	0.29697089947089955	0.17142857142857118
8	0.3171626984126985	0.1597222222222222
9	0.3249007936507937	0.14506172839506146
10	0.3206415343915344	0.12944444444444445
11	0.3381878306878307	0.12474747474747491
12	0.3419444444444445	0.11481481481481479
13	0.32842592592592595	0.10213675213675197
14	0.32259259259259265	0.09404761904761894
15	0.3043518518518519	0.0829629629629629
16	0.27925925925925915	0.071875
17	0.26189814814814805	0.06307189542483649
18	0.25054894179894166	0.056481481481481396
19	0.2258134920634919	0.04824561403508771
20	0.1981283068783067	0.040277777777777746
