1	0.10537698412698412	0.4222222222222222
2	0.1728373015873015	0.35
3	0.21863095238095248	0.29814814814814844
4	0.2387764550264552	0.24444444444444444
5	0.27558862433862436	0.22333333333333336
6	0.29568783068783067	0.2027777777777776
7	0.3156613756613757	0.1873015873015872
8	0.3348280423280424	0.17291666666666666
9	0.34186507936507937	0.15740740740740708
10	0.3497883597883598	0.14500000000000007
11	0.3419179894179894	0.12929292929292935
12	0.3362698412698413	0.11620370370370368
13	0.32425925925925925	0.10299145299145288
14	0.2870634920634921	0.08412698412698405
15	0.2720634920634922	0.07370370370370367
16	0.2516402116402118	0.06354166666666666
17	0.21969576719576722	0.05196078431372543
18	0.1823148148148148	0.04074074074074071
19	0.15893518518518512	0.033333333333333326
20	0.13296296296296292	0.02666666666666665
