1	0.10011904761904758	0.3888888888888889
2	0.1567460317460316	0.3
3	0.20851851851851852	0.27037037037037054
4	0.2538492063492065	0.24722222222222223
5	0.27458994708994716	0.2144444444444443
6	0.29973544973544974	0.19537037037037044
7	0.3276190476190477	0.18333333333333307
8	0.34841269841269845	0.17152777777777778
9	0.3623015873015873	0.1598765432098762
10	0.3729497354497354	0.1477777777777778
11	0.3921693121693123	0.14141414141414158
12	0.3906878306878307	0.1282407407407407
13	0.36763888888888885	0.1128205128205126
14	0.34630291005291014	0.09880952380952372
15	0.32892857142857146	0.08777777777777768
16	0.30425264550264547	0.0763888888888889
17	0.28208994708994706	0.06633986928104564
18	0.24747354497354498	0.05617283950617278
19	0.22686507936507938	0.048830409356725155
20	0.206957671957672	0.04277777777777776
