1	0.08626543209876544	0.34444444444444444
2	0.1559303350970017	0.31666666666666665
3	0.20021164021164026	0.2722222222222222
4	0.24160052910052915	0.24861111111111112
5	0.263915343915344	0.21777777777777782
6	0.2901322751322752	0.19999999999999996
7	0.3158333333333334	0.18650793650793626
8	0.3387962962962964	0.175
9	0.3454761904761906	0.15802469135802438
10	0.3533994708994711	0.14555555555555566
11	0.3604497354497356	0.13535353535353548
12	0.35822751322751334	0.12222222222222216
13	0.3553174603174603	0.11068376068376048
14	0.35031746031746025	0.10079365079365073
15	0.3069841269841269	0.08333333333333327
16	0.2811772486772486	0.07222222222222222
17	0.2553439153439153	0.06143790849673195
18	0.21478835978835978	0.04938271604938266
19	0.1711640211640211	0.03801169590643275
20	0.1581084656084656	0.03388888888888888
