1	0.08067460317460316	0.32222222222222224
2	0.14222883597883593	0.2833333333333333
3	0.19536375661375663	0.26111111111111124
4	0.23935185185185187	0.24027777777777778
5	0.2671957671957673	0.2155555555555556
6	0.2764550264550265	0.18148148148148158
7	0.2999933862433863	0.16984126984126963
8	0.3120833333333335	0.15486111111111112
9	0.3291203703703705	0.14506172839506146
10	0.3286574074074075	0.128888888888889
11	0.33513888888888893	0.11919191919191922
12	0.3464351851851852	0.11249999999999995
13	0.3309722222222222	0.09914529914529902
14	0.3385648148148148	0.09444444444444434
15	0.3098611111111111	0.0814814814814814
16	0.28262566137566136	0.06875
17	0.2596626984126984	0.05915032679738552
18	0.23836640211640214	0.05061728395061722
19	0.19714285714285715	0.03888888888888888
20	0.16408730158730164	0.030277777777777765
