1	0.08898809523809526	0.3333333333333333
2	0.14126322751322745	0.26666666666666666
3	0.2137764550264551	0.26851851851851855
4	0.24521825396825395	0.23055555555555557
5	0.26794973544973544	0.20333333333333323
6	0.29494047619047614	0.18703703703703706
7	0.3076256613756613	0.1666666666666665
8	0.32480820105820096	0.15416666666666667
9	0.34203042328042316	0.1450617283950614
10	0.34869708994708987	0.1327777777777777
11	0.3520370370370369	0.12222222222222238
12	0.3624603174603175	0.11574074074074073
13	0.3599603174603175	0.10683760683760665
14	0.3340343915343916	0.09126984126984117
15	0.31862433862433864	0.08185185185185177
16	0.28732804232804243	0.07083333333333333
17	0.25582010582010584	0.05882352941176461
18	0.23207010582010584	0.05092592592592586
19	0.21466269841269842	0.04473684210526316
20	0.18744047619047619	0.03666666666666664
