1	0.09610008818342153	0.39444444444444443
2	0.156576278659612	0.32222222222222224
3	0.21627865961199294	0.30185185185185204
4	0.2468099647266314	0.2611111111111111
5	0.2785295414462082	0.23666666666666664
6	0.2931194885361553	0.20648148148148146
7	0.30978615520282204	0.18730158730158708
8	0.32566578483245173	0.17222222222222222
9	0.3448015873015876	0.16234567901234537
10	0.3513227513227516	0.14888888888888896
11	0.35267195767195797	0.13686868686868692
12	0.36962962962963003	0.13148148148148134
13	0.37088624338624365	0.12136752136752117
14	0.3095436507936509	0.09206349206349199
15	0.2880158730158731	0.07962962962962958
16	0.2842724867724869	0.07291666666666667
17	0.2680687830687832	0.06535947712418289
18	0.2432936507936509	0.05679012345679003
19	0.2266005291005292	0.049415204678362565
20	0.1916931216931217	0.039999999999999994
