1	0.10260582010582008	0.38333333333333336
2	0.1641402116402116	0.3138888888888889
3	0.21335317460317457	0.2703703703703704
4	0.24405423280423275	0.23472222222222222
5	0.27053571428571427	0.20777777777777773
6	0.2960912698412698	0.18888888888888894
7	0.31303571428571425	0.172222222222222
8	0.33016534391534386	0.1597222222222222
9	0.34558201058201055	0.1487654320987652
10	0.35632275132275126	0.13833333333333345
11	0.3693783068783069	0.13080808080808098
12	0.34998677248677246	0.11388888888888891
13	0.3527645502645503	0.10598290598290584
14	0.3467460317460318	0.09603174603174598
15	0.31952380952380943	0.0829629629629629
16	0.2815608465608465	0.06840277777777778
17	0.25896164021164025	0.05947712418300645
18	0.23357804232804233	0.05092592592592588
19	0.23218915343915342	0.048245614035087696
20	0.2070965608465609	0.04138888888888888
