1	0.08996913580246917	0.3277777777777778
2	0.1553858024691358	0.2861111111111111
3	0.20243827160493824	0.2518518518518518
4	0.23091710758377423	0.2152777777777778
5	0.2632319223985891	0.1966666666666665
6	0.2836948853615521	0.1777777777777779
7	0.29443562610229285	0.1595238095238093
8	0.30934303350970027	0.14652777777777778
9	0.3266269841269842	0.13765432098765404
10	0.3416335978835979	0.12833333333333333
11	0.3387632275132275	0.11515151515151532
12	0.3428373015873016	0.10694444444444451
13	0.32561507936507933	0.09401709401709386
14	0.3189484126984127	0.08531746031746021
15	0.27615740740740735	0.06925925925925919
16	0.2552314814814814	0.06041666666666667
17	0.21865740740740744	0.04934640522875811
18	0.20750000000000005	0.04444444444444441
19	0.19453703703703706	0.03976608187134503
20	0.18328703703703703	0.03583333333333331
