1	0.07320987654320985	0.2833333333333333
2	0.12543209876543204	0.24166666666666667
3	0.1594201940035272	0.20555555555555546
4	0.1931393298059964	0.1875
5	0.21322310405643738	0.16888888888888873
6	0.23076940035273374	0.15370370370370381
7	0.2485626102292769	0.14285714285714274
8	0.2616710758377425	0.13194444444444445
9	0.2586772486772487	0.11604938271604917
10	0.27086860670194013	0.10888888888888885
11	0.27698633156966507	0.10151515151515164
12	0.2813381834215169	0.09490740740740748
13	0.2869268077601413	0.08846153846153833
14	0.2861155202821871	0.08253968253968244
15	0.2782451499118167	0.07481481481481474
16	0.25438271604938273	0.06458333333333334
17	0.22771604938271603	0.05424836601307183
18	0.19604938271604933	0.04444444444444441
19	0.17734567901234563	0.03859649122807017
20	0.15197530864197525	0.03222222222222221
