1	0.0983728113238423	0.4252577319587629
2	0.1590073228604158	0.35051546391752575
3	0.20361233840615298	0.30154639175257686
4	0.2393603747340861	0.2661082474226804
5	0.2695221731304206	0.24020618556701098
6	0.2920072410407462	0.21692439862542945
7	0.31390525282277865	0.20103092783505194
8	0.3315742104401898	0.18653350515463918
9	0.3489690721649486	0.17525773195876318
10	0.36488299787268885	0.16469072164948487
11	0.38310526100474573	0.15721649484536115
12	0.3943472835869746	0.14862542955326472
13	0.4059482899689086	0.14115781126090432
14	0.42079242349860924	0.13604565537555247
15	0.428966208476518	0.12972508591065318
16	0.4387692276223206	0.12451675257731959
17	0.4465615283914256	0.11931473620376004
18	0.45567419407625614	0.11469072164948475
19	0.4628109147439046	0.11041779706999467
20	0.47005502372770436	0.10657216494845367
