1	0.08810648829978725	0.38144329896907214
2	0.14803428244149908	0.3234536082474227
3	0.18459335624284087	0.2714776632302402
4	0.22100924562264782	0.24420103092783504
5	0.2469859679266896	0.22010309278350582
6	0.2664263213876616	0.19974226804123715
7	0.2901601620029454	0.1863033873343154
8	0.30697819505809193	0.1723582474226804
9	0.325604442808051	0.16294387170675875
10	0.34492411225658653	0.15592783505154678
11	0.3560147684503355	0.14667291471415225
12	0.3669745131729668	0.13810137457044683
13	0.37480261004745535	0.13025376685170523
14	0.38343253968253965	0.12371134020618575
15	0.39126370479463257	0.11804123711340225
16	0.39904884634266075	0.11275773195876289
17	0.40951767304860065	0.1088538508186781
18	0.41941069383079677	0.10552691867124891
19	0.4304993045328094	0.10241454150841042
20	0.4429338487972505	0.10012886597938146
