1	0.09460194730813286	0.3943298969072165
2	0.16125838651611862	0.33762886597938147
3	0.20556476026836873	0.2912371134020617
4	0.23753579610538392	0.2538659793814433
5	0.2628252331860581	0.22474226804123779
6	0.28555473735886133	0.2036082474226805
7	0.30750797741777164	0.18814432989690752
8	0.3271119702176408	0.17590206185567012
9	0.34694608083783385	0.16666666666666702
10	0.3596179021436756	0.15592783505154692
11	0.3731334887907055	0.1476101218369262
12	0.3779690312551139	0.13724226804123713
13	0.3913557519227622	0.13144329896907248
14	0.3997391998036326	0.12481590574374103
15	0.40902368679430523	0.1195876288659796
16	0.4149545900834559	0.11388530927835051
17	0.4184370397643592	0.1082474226804124
18	0.4279945999018162	0.10481099656357422
19	0.43530007363770246	0.10092240911557265
20	0.44533627884143345	0.09806701030927842
