1	0.10177957781050563	0.42783505154639173
2	0.16094542628047792	0.33762886597938147
3	0.20822083128784175	0.2903780068728521
4	0.23584621993127153	0.24871134020618557
5	0.2583957208312879	0.21855670103092842
6	0.28267570774014084	0.19974226804123707
7	0.3065506872852234	0.1851988217967603
8	0.3269381034200623	0.17332474226804123
9	0.34572901325478667	0.16380297823596826
10	0.3622985190639831	0.15463917525773224
11	0.3760718376697758	0.14620431115276514
12	0.3892049173621339	0.13896048109965647
13	0.4004377352315497	0.13203806502775606
14	0.40879561446571766	0.12536818851251863
15	0.41888500245459015	0.12010309278350534
16	0.42829835542464423	0.11533505154639176
17	0.4370919243986255	0.11082474226804132
18	0.4434063573883162	0.10624284077892351
19	0.44918282605138277	0.10214324470971259
20	0.45705387825233185	0.09884020618556708
