1	0.08705612829324166	0.37371134020618557
2	0.1582443544428082	0.3427835051546392
3	0.19547332678776	0.2860824742268039
4	0.23509450171821317	0.25708762886597936
5	0.2647643593519884	0.23092783505154732
6	0.28732204221894964	0.20962199312714783
7	0.30403064146620873	0.19145802650957314
8	0.3259797905416464	0.1797680412371134
9	0.34719460808378366	0.17067583046964524
10	0.36162759777450504	0.15953608247422713
11	0.37206062837506126	0.149718837863168
12	0.380195549009982	0.1402491408934708
13	0.3938686385207004	0.13402061855670136
14	0.40153616429389627	0.12684094256259223
15	0.4133652430044181	0.12182130584192473
16	0.4205633284241531	0.11662371134020619
17	0.4270199230895106	0.11158277744087343
18	0.4399781132384224	0.10839060710194764
19	0.45234106529209606	0.10580575149213266
20	0.457315701194567	0.1016752577319587
