1	0.09737154311896584	0.3943298969072165
2	0.14949271804941924	0.3079896907216495
3	0.1908116511209296	0.2611683848797248
4	0.22494579446899055	0.23195876288659795
5	0.25279414171166764	0.21030927835051608
6	0.2755850106365571	0.19115120274914094
7	0.29661777941417117	0.17636229749631846
8	0.3169601947308134	0.16494845360824742
9	0.33032952871870414	0.15320733104238288
10	0.3447471772214042	0.14407216494845398
11	0.3618035100638194	0.13776944704779787
12	0.37699537718867626	0.13144329896907214
13	0.3888080919653085	0.12490087232355299
14	0.4003559155621012	0.1196612665684833
15	0.411674644084438	0.1147766323024057
16	0.42076276386843403	0.11001932989690721
17	0.42776448208149237	0.1053668890236508
18	0.4342936917034854	0.10108820160366581
19	0.44062960235640636	0.09712425393380374
20	0.44789518900343644	0.09368556701030933
