1	0.08061998854524623	0.36082474226804123
2	0.14118904434626095	0.31572164948453607
3	0.1959928816887581	0.2938144329896903
4	0.23299991818033053	0.26417525773195877
5	0.26536675666830306	0.24432989690721718
6	0.29815701194567196	0.22895189003436442
7	0.31739281623302285	0.20949926362297525
8	0.3390453690067094	0.1955541237113402
9	0.35354381443298977	0.1818442153493706
10	0.370062182948781	0.17139175257731984
11	0.3832944689903453	0.16119962511715122
12	0.39994170348551794	0.1535652920962199
13	0.4125306823760431	0.14651070578905664
14	0.42113811160202913	0.13899116347569973
15	0.4308951071837669	0.13281786941580792
16	0.44047414498445414	0.12693298969072164
17	0.4521682212403858	0.12249848392965458
18	0.46216863033873296	0.11841351660939328
19	0.47000081819669404	0.11408030385241487
20	0.4775711831124199	0.11005154639175248
