1	0.08585440189821626	0.38402061855670105
2	0.14962874324987735	0.327319587628866
3	0.18775159548355436	0.2766323024054981
4	0.22779618720340392	0.25257731958762886
5	0.2539212076583214	0.22628865979381524
6	0.2745060137457047	0.20317869415807566
7	0.2883284241531668	0.1833578792341682
8	0.30620397643593544	0.17042525773195877
9	0.3205786696121751	0.15864833906071052
10	0.33523870888561635	0.14974226804123758
11	0.35117922598592727	0.14292408622305558
12	0.3618311242022582	0.13509450171821313
13	0.3690465963017508	0.12787470261697093
14	0.38113238422516754	0.12279086892488976
15	0.3900272050400915	0.11752577319587648
16	0.3997085174275894	0.1130798969072165
17	0.40785162002945485	0.10885385081867802
18	0.41341740304369157	0.10423825887743443
19	0.421759941089838	0.10078676071622379
20	0.42720810832924233	0.0971649484536083
