1	0.10808685157911968	0.4639175257731959
2	0.16635370643102618	0.3595360824742268
3	0.21467026673212267	0.3118556701030923
4	0.24350045000818216	0.26804123711340205
5	0.27595115365733935	0.24432989690721726
6	0.2953925298641794	0.2190721649484539
7	0.3120898789068892	0.19918998527245993
8	0.32529045982654237	0.18202319587628865
9	0.34256361479299624	0.17153493699885516
10	0.3561262477499591	0.16030927835051587
11	0.36953444608083774	0.15135895032802285
12	0.3802466863033871	0.14282646048109987
13	0.3907830142366223	0.13560666137985755
14	0.4013316151202748	0.129418262150221
15	0.4103409834724267	0.12353951890034397
16	0.42604217803960065	0.12048969072164949
17	0.4343172148584522	0.1156761673741664
18	0.44151836851579135	0.1112542955326465
19	0.4472989281623304	0.10661964188822606
20	0.45606488299787284	0.10322164948453601
