1	0.10253640975290458	0.44072164948453607
2	0.17060628375061368	0.3698453608247423
3	0.22445487645229925	0.32474226804123696
4	0.2718223285877927	0.29445876288659795
5	0.30025057273768635	0.2613402061855678
6	0.3211575437735234	0.23410652920962205
7	0.33960378825069576	0.21318114874815952
8	0.35493372606774665	0.1958762886597938
9	0.36631995581737836	0.18012600229095121
10	0.3790654148257239	0.1677835051546394
11	0.3950294550810012	0.1583880037488289
12	0.4024822042218945	0.14798109965635745
13	0.41333149239077055	0.1401665344964317
14	0.4228778023236785	0.13291605301914597
15	0.4313246604483717	0.12680412371134048
16	0.4385687694321714	0.1208118556701031
17	0.44537718867615755	0.11567616737416633
18	0.45325130911471095	0.11111111111111133
19	0.4581727622320403	0.10634834508952809
20	0.46438287514318416	0.10244845360824742
