1	0.07220190476190484	0.344
2	0.12338412698412712	0.2992
3	0.15416952380952392	0.2496
4	0.1800101587301589	0.2184
5	0.20316253968253986	0.19872000000000087
6	0.21741396825396847	0.17813333333333367
7	0.23179238095238097	0.1634285714285717
8	0.2428761904761905	0.1506
9	0.25305015873015874	0.1397333333333341
10	0.26170857142857146	0.1308800000000001
11	0.2709231746031746	0.12363636363636415
12	0.27640698412698417	0.11546666666666675
13	0.28197269841269845	0.10867692307692364
14	0.28861015873015883	0.10331428571428578
15	0.2924520634920635	0.0978133333333338
16	0.29808888888888885	0.0936
17	0.30440888888888895	0.08997647058823564
18	0.30905396825396836	0.08640000000000045
19	0.31352507936507934	0.08303157894736876
20	0.31880253968253974	0.08031999999999999
