1	0.07246412698412706	0.3536
2	0.11786222222222238	0.2864
3	0.14510476190476196	0.23733333333333362
4	0.16862095238095248	0.2068
5	0.1895034920634922	0.18656000000000092
6	0.2034704761904763	0.16800000000000034
7	0.21344507936507953	0.15199999999999994
8	0.22547111111111104	0.1408
9	0.23472063492063489	0.13031111111111185
10	0.24097968253968252	0.12048000000000011
11	0.2449879365079364	0.1117090909090914
12	0.25069904761904765	0.1045333333333336
13	0.2591092063492064	0.09981538461538521
14	0.26343492063492074	0.09417142857142857
15	0.26769206349206354	0.0893866666666672
16	0.2707117460317461	0.085
17	0.27438031746031744	0.0810352941176475
18	0.2775930158730159	0.07751111111111156
19	0.28394539682539677	0.0751157894736846
20	0.2881892063492063	0.07247999999999988
