1	0.07772825396825413	0.3744
2	0.13146158730158744	0.3128
3	0.15867301587301613	0.25226666666666664
4	0.17967809523809553	0.2152
5	0.1959009523809526	0.18912000000000084
6	0.20940507936507946	0.16853333333333356
7	0.22458539682539685	0.15497142857142895
8	0.23351492063492066	0.142
9	0.24396698412698414	0.13173333333333415
10	0.2513244444444444	0.12208000000000016
11	0.2588819047619047	0.11432727272727321
12	0.26697523809523804	0.10826666666666679
13	0.2748101587301586	0.10313846153846207
14	0.2834755555555555	0.09885714285714299
15	0.28773904761904745	0.09376000000000044
16	0.2946247619047616	0.0902
17	0.29841333333333303	0.0859294117647063
18	0.3040463492063489	0.08275555555555596
19	0.31006603174603137	0.07991578947368451
20	0.3142984126984124	0.07719999999999994
