1	0.07908571428571445	0.384
2	0.12967238095238096	0.316
3	0.1553009523809525	0.2533333333333337
4	0.17562031746031764	0.2172
5	0.19283238095238106	0.19232000000000096
6	0.20763174603174603	0.1733333333333335
7	0.22190285714285723	0.15908571428571455
8	0.2326044444444446	0.1464
9	0.24207619047619056	0.1360000000000008
10	0.25145968253968254	0.12703999999999996
11	0.2566171428571427	0.118254545454546
12	0.2626742857142855	0.1110666666666667
13	0.2683434920634919	0.1049846153846159
14	0.27527746031746003	0.100457142857143
15	0.2804819047619044	0.09568000000000049
16	0.28650603174603145	0.0915
17	0.29145015873015845	0.08790588235294157
18	0.296093968253968	0.08435555555555602
19	0.3009752380952379	0.08109473684210561
20	0.30430857142857126	0.07799999999999997
