1	0.07319682539682547	0.3472
2	0.11938730158730182	0.2832
3	0.15482349206349225	0.2458666666666665
4	0.17509269841269853	0.2112
5	0.1940228571428573	0.18720000000000095
6	0.20757841269841293	0.16880000000000017
7	0.21954603174603185	0.15360000000000015
8	0.2297879365079367	0.1408
9	0.23763365079365095	0.1299555555555561
10	0.24850984126984127	0.12288000000000016
11	0.2553485714285714	0.11490909090909127
12	0.2625701587301588	0.10853333333333341
13	0.26872253968253973	0.10289230769230812
14	0.273711111111111	0.09760000000000013
15	0.2783574603174602	0.09280000000000041
16	0.28225650793650786	0.0885
17	0.2846965079365079	0.08404705882352974
18	0.2916780952380951	0.08115555555555598
19	0.2975714285714286	0.07840000000000036
20	0.30272000000000004	0.07567999999999994
