1	0.07154412698412706	0.3296
2	0.11676698412698426	0.2712
3	0.14367682539682558	0.22666666666666646
4	0.16416507936507954	0.194
5	0.18207301587301608	0.17312000000000083
6	0.1939276190476192	0.15519999999999998
7	0.2040495238095239	0.1401142857142861
8	0.2151555555555558	0.13
9	0.22220571428571442	0.11928888888888953
10	0.23473333333333354	0.11408000000000026
11	0.2409193650793653	0.10676363636363681
12	0.24797015873015885	0.10066666666666677
13	0.2548425396825397	0.09538461538461579
14	0.26311999999999997	0.09165714285714296
15	0.267928253968254	0.08714666666666704
16	0.2729390476190476	0.0833
17	0.27861904761904754	0.07990588235294145
18	0.28200571428571436	0.07653333333333374
19	0.28555682539682536	0.07343157894736874
20	0.28961650793650795	0.07071999999999999
