1	0.07235746031746043	0.3504
2	0.12627047619047627	0.3088
3	0.16204761904761916	0.2634666666666671
4	0.1861542857142858	0.2296
5	0.20574603174603204	0.2032000000000009
6	0.2189676190476193	0.18026666666666694
7	0.22994730158730187	0.16274285714285738
8	0.24158158730158738	0.1504
9	0.2516514285714286	0.1402666666666674
10	0.2587244444444444	0.13008
11	0.2636679365079366	0.12072727272727322
12	0.2709942857142858	0.11426666666666674
13	0.2766933333333334	0.10769230769230821
14	0.2829434920634921	0.10262857142857151
15	0.2871720634920636	0.09717333333333382
16	0.2926292063492064	0.093
17	0.2976736507936509	0.08903529411764745
18	0.3024469841269841	0.08533333333333376
19	0.30878603174603175	0.08252631578947402
20	0.3113479365079365	0.07911999999999998
