1	0.07087682539682548	0.3472
2	0.10924571428571445	0.2672
3	0.13461333333333345	0.2207999999999999
4	0.15908571428571452	0.1964
5	0.17566920634920657	0.1747200000000009
6	0.19021714285714314	0.15866666666666673
7	0.2045434920634924	0.14697142857142884
8	0.2131949206349209	0.1344
9	0.22458984126984147	0.12515555555555632
10	0.23314984126984153	0.11728000000000045
11	0.2402926984126986	0.11025454545454574
12	0.24945333333333355	0.10493333333333336
13	0.25357460317460334	0.09883076923076965
14	0.2592076190476192	0.0938285714285716
15	0.2649371428571429	0.08960000000000043
16	0.26864761904761914	0.0853
17	0.27276761904761904	0.08150588235294155
18	0.27851619047619036	0.07848888888888945
19	0.2820692063492062	0.07536842105263199
20	0.28592253968253956	0.07255999999999997
