1	0.06397333333333337	0.3136
2	0.10980698412698432	0.2744
3	0.1378380952380954	0.23093333333333327
4	0.16102412698412724	0.2048
5	0.17611873015873042	0.1792000000000009
6	0.19377079365079392	0.16400000000000015
7	0.2044692063492065	0.14948571428571442
8	0.21753841269841273	0.1396
9	0.22710031746031745	0.12977777777777852
10	0.237774603174603	0.12240000000000009
11	0.24472317460317441	0.11476363636363691
12	0.25158031746031734	0.10800000000000014
13	0.25827047619047605	0.10227692307692358
14	0.26062349206349195	0.0958857142857143
15	0.26656698412698404	0.09152000000000049
16	0.27039301587301584	0.0872
17	0.27451619047619047	0.0832941176470592
18	0.2795955555555556	0.08017777777777822
19	0.28351936507936504	0.07722105263157927
20	0.2876082539682538	0.07447999999999991
