1	0.07238222222222232	0.3552
2	0.11431238095238111	0.2824
3	0.14147746031746047	0.2330666666666665
4	0.16148253968253992	0.2036
5	0.18036507936507962	0.18272000000000085
6	0.1996304761904765	0.16853333333333345
7	0.21736634920634948	0.15725714285714315
8	0.22736952380952402	0.1448
9	0.23561968253968274	0.13368888888888958
10	0.24201841269841293	0.12384000000000019
11	0.25021079365079385	0.11636363636363674
12	0.2546463492063494	0.10866666666666681
13	0.26291682539682554	0.10338461538461581
14	0.26769206349206365	0.09760000000000013
15	0.272576507936508	0.09258666666666707
16	0.27664507936507937	0.0881
17	0.2810869841269841	0.08414117647058855
18	0.2883199999999999	0.08142222222222263
19	0.29166412698412697	0.07823157894736874
20	0.2969219047619046	0.07551999999999998
