1	0.11265211640211638	0.45
2	0.20131613756613753	0.4027777777777778
3	0.24710978835978842	0.3314814814814817
4	0.29517195767195764	0.3
5	0.3399470899470899	0.27777777777777796
6	0.3669444444444444	0.2509259259259258
7	0.3885185185185186	0.2285714285714285
8	0.4093121693121695	0.21180555555555555
9	0.42414021164021176	0.19567901234567878
10	0.4367328042328044	0.18166666666666667
11	0.4519312169312171	0.17121212121212143
12	0.4700793650793651	0.16296296296296287
13	0.4830158730158731	0.15512820512820483
14	0.4892195767195768	0.1456349206349207
15	0.4991798941798941	0.13888888888888865
16	0.5098280423280422	0.1326388888888889
17	0.5137169312169311	0.12581699346405198
18	0.5236772486772486	0.12129629629629629
19	0.5261772486772486	0.11549707602339183
20	0.5351124338624339	0.11194444444444447
