1	0.10298500881834216	0.38333333333333336
2	0.17530643738977067	0.32222222222222224
3	0.22106261022927684	0.2740740740740742
4	0.26080026455026445	0.24444444444444444
5	0.28728174603174594	0.21555555555555547
6	0.3122817460317459	0.19629629629629636
7	0.33975088183421515	0.18492063492063468
8	0.360352733686067	0.17222222222222222
9	0.3805842151675484	0.1623456790123453
10	0.39993606701940027	0.15388888888888888
11	0.42114638447971775	0.1484848484848487
12	0.42818342151675465	0.13842592592592592
13	0.4427204585537918	0.13205128205128178
14	0.4570723104056436	0.12619047619047616
15	0.45910934744268067	0.11851851851851836
16	0.47322971781305107	0.11458333333333333
17	0.48785934744268067	0.11143790849673177
18	0.4996186067019399	0.10771604938271595
19	0.5061529982363314	0.10350877192982444
20	0.5146715167548499	0.10000000000000002
