1	0.10886904761904756	0.4166666666666667
2	0.17592592592592576	0.3416666666666667
3	0.22484126984126987	0.2981481481481485
4	0.2732407407407409	0.275
5	0.3122288359788361	0.2511111111111112
6	0.34080026455026474	0.22870370370370358
7	0.3756150793650795	0.21587301587301586
8	0.3948743386243387	0.1986111111111111
9	0.4136706349206349	0.18456790123456754
10	0.4320965608465608	0.17333333333333345
11	0.4491865079365077	0.16363636363636377
12	0.45386904761904745	0.1518518518518518
13	0.47086640211640196	0.14529914529914498
14	0.48291005291005273	0.13888888888888898
15	0.4914748677248676	0.13259259259259232
16	0.5040674603174603	0.12777777777777777
17	0.5138425925925926	0.12254901960784285
18	0.5225462962962963	0.11759259259259258
19	0.5407473544973544	0.115204678362573
20	0.5494642857142856	0.11138888888888893
