1	0.1036375661375661	0.40555555555555556
2	0.16589506172839502	0.3333333333333333
3	0.22644841269841265	0.3092592592592593
4	0.2808597883597884	0.2902777777777778
5	0.3149029982363318	0.2633333333333336
6	0.3362125220458556	0.2342592592592592
7	0.3772222222222224	0.2261904761904762
8	0.40118606701940046	0.2125
9	0.4218408289241625	0.1987654320987652
10	0.4324096119929454	0.1844444444444446
11	0.445002204585538	0.17272727272727287
12	0.4644466490299824	0.1648148148148147
13	0.4789506172839506	0.15726495726495696
14	0.49914241622574956	0.15238095238095248
15	0.510623897707231	0.14518518518518495
16	0.5179387125220458	0.13819444444444445
17	0.5255842151675484	0.1320261437908494
18	0.5325286596119928	0.12623456790123458
19	0.5396582892416224	0.1210526315789473
20	0.5473126102292768	0.11666666666666671
