1	0.11535714285714278	0.45555555555555555
2	0.19362433862433864	0.38333333333333336
3	0.255681216931217	0.33518518518518536
4	0.2882870370370371	0.2861111111111111
5	0.3283002645502646	0.2611111111111113
6	0.35169973544973554	0.23333333333333314
7	0.3778637566137567	0.21507936507936512
8	0.39092592592592607	0.1951388888888889
9	0.4074140211640212	0.1814814814814812
10	0.42292989417989424	0.1694444444444446
11	0.4308531746031747	0.15707070707070717
12	0.44446428571428576	0.1486111111111111
13	0.46423941798941804	0.1431623931623929
14	0.47864417989418007	0.13690476190476195
15	0.48406746031746045	0.12925925925925907
16	0.490138888888889	0.12291666666666666
17	0.5023611111111114	0.11830065359477102
18	0.5112962962962965	0.11388888888888889
19	0.516388888888889	0.10906432748538006
20	0.5247222222222224	0.10500000000000013
