1	0.11261243386243384	0.42777777777777776
2	0.19261243386243387	0.36944444444444446
3	0.2523346560846563	0.32037037037037047
4	0.29150793650793655	0.28055555555555556
5	0.3314153439153438	0.25666666666666654
6	0.35761904761904745	0.23055555555555557
7	0.37326719576719564	0.20714285714285702
8	0.3994775132275135	0.19583333333333333
9	0.42336640211640236	0.18456790123456762
10	0.43716269841269867	0.17166666666666672
11	0.45453042328042353	0.1621212121212124
12	0.4731415343915346	0.15416666666666667
13	0.4802711640211642	0.14444444444444415
14	0.48847222222222236	0.13650793650793652
15	0.49671296296296313	0.1296296296296294
16	0.5008796296296297	0.12256944444444444
17	0.5105555555555558	0.11764705882352913
18	0.5213888888888891	0.11327160493827151
19	0.5264814814814816	0.10818713450292383
20	0.533888888888889	0.10416666666666674
