1	0.10074735449735446	0.37777777777777777
2	0.16839285714285712	0.3194444444444444
3	0.21640873015873008	0.274074074074074
4	0.26794312169312157	0.2513888888888889
5	0.2969775132275131	0.22333333333333322
6	0.33634259259259247	0.2120370370370371
7	0.36078703703703685	0.19523809523809504
8	0.3888029100529102	0.1840277777777778
9	0.403756613756614	0.17037037037037
10	0.42412698412698446	0.16166666666666665
11	0.4449669312169314	0.1545454545454548
12	0.45584656084656106	0.14583333333333337
13	0.4695039682539684	0.1384615384615382
14	0.47802248677248693	0.13134920634920635
15	0.4959854497354499	0.1270370370370368
16	0.5062632275132276	0.121875
17	0.5229298941798943	0.11830065359477096
18	0.5265410052910054	0.11265432098765422
19	0.5364484126984128	0.10877192982456134
20	0.5417261904761905	0.1044444444444445
