1	0.10228174603174603	0.4166666666666667
2	0.1827513227513226	0.3638888888888889
3	0.23715608465608462	0.3111111111111112
4	0.27351190476190473	0.2722222222222222
5	0.30341931216931217	0.2422222222222222
6	0.32791005291005293	0.2185185185185185
7	0.3503637566137566	0.2015873015873015
8	0.37240079365079376	0.18819444444444444
9	0.39292328042328045	0.17716049382716012
10	0.40750661375661396	0.165
11	0.4219179894179896	0.15656565656565669
12	0.4357605820105822	0.14814814814814808
13	0.44261243386243415	0.1388888888888886
14	0.4548346560846563	0.1321428571428571
15	0.46492724867724883	0.12629629629629607
16	0.4744246031746033	0.12118055555555556
17	0.48582010582010593	0.11699346405228732
18	0.49550264550264567	0.11265432098765421
19	0.5057804232804234	0.10877192982456121
20	0.5167526455026455	0.10583333333333342
