1	0.08023148148148145	0.3111111111111111
2	0.14052248677248672	0.275
3	0.17806657848324497	0.23518518518518525
4	0.21164682539682533	0.20972222222222223
5	0.25157627865961196	0.19888888888888884
6	0.2828880070546738	0.18796296296296303
7	0.30726851851851855	0.17698412698412674
8	0.3330313051146386	0.16875
9	0.35793871252204607	0.1598765432098763
10	0.37259038800705474	0.1505555555555557
11	0.38272927689594366	0.14040404040404048
12	0.39662477954144637	0.13333333333333336
13	0.41384700176366856	0.12863247863247843
14	0.42301366843033517	0.12222222222222229
15	0.43256393298059953	0.11740740740740728
16	0.435681216931217	0.1111111111111111
17	0.4446626984126984	0.10686274509803899
18	0.4569466490299824	0.10401234567901228
19	0.4679651675485009	0.10087719298245607
20	0.4782429453262787	0.09805555555555563
