1	0.0933024691358025	0.37222222222222223
2	0.16804673721340374	0.3333333333333333
3	0.2185626102292768	0.29074074074074074
4	0.25500440917107575	0.25277777777777777
5	0.28337301587301594	0.22777777777777777
6	0.3112654320987656	0.21018518518518517
7	0.3431172839506173	0.19841269841269826
8	0.367768959435626	0.18680555555555556
9	0.390731922398589	0.17654320987654287
10	0.40374779541446193	0.16444444444444448
11	0.42157848324514974	0.1560606060606062
12	0.436300705467372	0.14768518518518517
13	0.45140652557319216	0.1414529914529912
14	0.4694620811287476	0.1361111111111111
15	0.4820238095238093	0.13074074074074055
16	0.4917989417989417	0.125
17	0.5036111111111111	0.12026143790849649
18	0.5163492063492062	0.11666666666666661
19	0.5232936507936508	0.11198830409356722
20	0.5330158730158729	0.1083333333333334
