1	0.09598765432098767	0.37777777777777777
2	0.16934303350970006	0.33611111111111114
3	0.21573192239858896	0.28703703703703715
4	0.24861552028218684	0.24861111111111112
5	0.2853571428571429	0.22888888888888886
6	0.31473104056437406	0.2111111111111112
7	0.34850970017636695	0.20079365079365066
8	0.3676895943562611	0.18680555555555556
9	0.39682539682539675	0.17901234567901203
10	0.41793650793650783	0.17000000000000004
11	0.4425661375661375	0.16313131313131324
12	0.4572486772486772	0.15370370370370368
13	0.4676190476190475	0.1448717948717946
14	0.47798941798941785	0.1376984126984127
15	0.49026455026455007	0.13222222222222202
16	0.5005026455026453	0.1267361111111111
17	0.5041137566137565	0.12026143790849646
18	0.5266137566137565	0.1185185185185185
19	0.5369841269841268	0.11432748538011693
20	0.5494841269841269	0.1108333333333334
