1	0.11247574955908289	0.4222222222222222
2	0.1871979717813051	0.34444444444444444
3	0.22476631393298052	0.2796296296296296
4	0.2629298941798941	0.24722222222222223
5	0.30246693121693125	0.22888888888888886
6	0.3260471781305114	0.20648148148148154
7	0.34609347442680777	0.1888888888888887
8	0.3693342151675484	0.17708333333333334
9	0.3977601410934745	0.16913580246913545
10	0.4184082892416225	0.16000000000000006
11	0.4322508818342151	0.15101010101010123
12	0.4484149029982363	0.1439814814814815
13	0.4562389770723103	0.13547008547008518
14	0.4741093474426807	0.13055555555555554
15	0.4917636684303351	0.12666666666666646
16	0.4982451499118165	0.12013888888888889
17	0.5088470017636684	0.11568627450980366
18	0.5141710758377425	0.11049382716049375
19	0.521115520282187	0.10614035087719285
20	0.5312081128747795	0.10305555555555558
