1	0.12030423280423273	0.4777777777777778
2	0.19445105820105824	0.38333333333333336
3	0.2614219576719578	0.34259259259259284
4	0.2970701058201059	0.29305555555555557
5	0.3327843915343916	0.2644444444444446
6	0.3499801587301588	0.23240740740740726
7	0.3716600529100529	0.21190476190476196
8	0.39324074074074084	0.19652777777777777
9	0.40509920634920643	0.17962962962962933
10	0.4235383597883598	0.1694444444444446
11	0.43511243386243387	0.15858585858585866
12	0.4447420634920635	0.14861111111111108
13	0.46390873015873024	0.14273504273504248
14	0.4828902116402118	0.1380952380952381
15	0.49631613756613774	0.13185185185185166
16	0.5035912698412699	0.12569444444444444
17	0.5125859788359789	0.1205882352941174
18	0.5266600529100528	0.11697530864197529
19	0.5311574074074075	0.11198830409356722
20	0.5376388888888889	0.10750000000000011
