1	0.11080026455026451	0.45
2	0.20289021164021165	0.4083333333333333
3	0.25354497354497363	0.3425925925925928
4	0.29447089947089955	0.2972222222222222
5	0.3321164021164022	0.2700000000000001
6	0.36277777777777775	0.24722222222222204
7	0.38166666666666677	0.22380952380952376
8	0.39931216931216945	0.20555555555555555
9	0.42806878306878315	0.1956790123456788
10	0.4513227513227514	0.18666666666666676
11	0.4623412698412701	0.17474747474747493
12	0.47276455026455044	0.16435185185185186
13	0.47962962962962985	0.15427350427350398
14	0.49518518518518523	0.14761904761904768
15	0.5056613756613758	0.14111111111111088
16	0.5153439153439153	0.13506944444444444
17	0.5218253968253966	0.12843137254901932
18	0.5296957671957669	0.12283950617283948
19	0.5363624338624338	0.11783625730994153
20	0.5413624338624338	0.11305555555555559
