1	0.09511747430249629	0.3568281938325991
2	0.15546989720998533	0.29515418502202645
3	0.2094346549192365	0.2687224669603525
4	0.24970631424375916	0.24118942731277532
5	0.28557268722466955	0.2202643171806167
6	0.30569016152716594	0.19603524229074887
7	0.3233899727291798	0.17935808684707355
8	0.3444671701279631	0.16740088105726872
9	0.36043633312355783	0.15614292706803698
10	0.3763320746800923	0.14713656387665214
11	0.39234319278372154	0.1397677212655187
12	0.40060310467799465	0.13069016152716584
13	0.41918397314873107	0.12605896306336806
14	0.4321795678623874	0.1205160478288232
15	0.4455422697713449	0.11571218795888376
16	0.45366058317600183	0.11095814977973568
17	0.455391231382421	0.10494946877429359
18	0.4612282357877074	0.10058737151248162
19	0.46416509335011563	0.09598887085555291
20	0.46295888399412655	0.09096916299559483
