1	0.11003775959723092	0.44052863436123346
2	0.17917453324942306	0.36123348017621143
3	0.23519509125236	0.3171806167400883
4	0.2831812460667086	0.2852422907488987
5	0.3063824208097337	0.24845814977973577
6	0.32757499475561175	0.22320117474302512
7	0.3478498007132371	0.20453115166771557
8	0.3670914621355152	0.18997797356828194
9	0.3876599538493813	0.17914831130690148
10	0.39867316970841216	0.16563876651982398
11	0.41291692888609194	0.15578694433320006
12	0.4208097335850641	0.14537444933920704
13	0.43475980700650324	0.13859708573364932
14	0.44713656387665207	0.13184392699811215
15	0.45576358296622616	0.12569750367107171
16	0.4632525697503671	0.11949339207048458
17	0.4708569330816027	0.1142783104431197
18	0.47934235368156086	0.10964268232990705
19	0.4800031466331027	0.10387201483885924
20	0.4755978602894903	0.09779735682819388
