1	0.0940004195510803	0.3832599118942731
2	0.15930004894762595	0.32819383259911894
3	0.21313544507377108	0.29368575624082255
4	0.24527480595762535	0.2544052863436123
5	0.27805747849800716	0.23083700440528662
6	0.29553702538284043	0.20558002936857556
7	0.31683448709880424	0.18879798615481458
8	0.34272078875603085	0.17841409691629956
9	0.3625358366547793	0.16886930983847287
10	0.3719932172575344	0.15638766519823807
11	0.38330011887280613	0.14577492991589913
12	0.39137647716942875	0.1361967694566813
13	0.401592545975806	0.12910877668586895
14	0.41279455982099167	0.12334801762114553
15	0.42429025942241805	0.1183553597650512
16	0.43502727082022236	0.11398678414096916
17	0.4264789175582127	0.10365379632028998
18	0.4320589469267883	0.09911894273127751
19	0.42985630375498224	0.093670299095757
20	0.43646423327040074	0.09030837004405293
