1	0.10210299979022441	0.4052863436123348
2	0.17273442416614218	0.3392070484581498
3	0.2243916509335012	0.2936857562408225
4	0.26130864974477325	0.2577092511013216
5	0.28686979931473333	0.22907488986784147
6	0.3124624152157193	0.2085168869309838
7	0.33615306621914576	0.1932032724984268
8	0.3585466051325085	0.18061674008810572
9	0.37548248374239573	0.1683798335780713
10	0.38213936088385425	0.15418502202643197
11	0.39535521991469125	0.14537444933920715
12	0.40641039088175657	0.13729809104258436
13	0.419405985595413	0.1304642494069804
14	0.4242518005733866	0.12271869100062946
15	0.4285836654779386	0.11571218795888379
16	0.43423711628557454	0.10985682819383259
17	0.4431211104118592	0.10546773775589505
18	0.4491416684147961	0.10083210964268237
19	0.455896440808335	0.09668444238349173
20	0.4616652681630655	0.09317180616740094
