1	0.09074540241941118	0.36123348017621143
2	0.1624204601076848	0.32819383259911894
3	0.2028494510873366	0.27459618208516906
4	0.23767918327389706	0.2444933920704846
5	0.2642577442136916	0.21762114537444954
6	0.2851566324033286	0.19603524229074887
7	0.31170372701209714	0.18250471994965384
8	0.3300276204461227	0.16905286343612336
9	0.34097965177260336	0.15565345080763565
10	0.3549786728200826	0.14581497797356843
11	0.3718341374729041	0.13856627953544268
12	0.38591182434794774	0.13215859030837
13	0.39266659674148663	0.12436462216197872
14	0.40144570309768557	0.11862806796727506
15	0.408053632613104	0.11248164464023473
16	0.4154691979581848	0.10737885462555066
17	0.4218009230123768	0.10261725835708708
18	0.4220631424375918	0.0974057758198727
19	0.4211820851688694	0.09227915603987936
20	0.4286815607300188	0.08920704845814985
