1	0.09456856163904619	0.3832599118942731
2	0.17074505279351085	0.3458149779735683
3	0.210235298230893	0.2878120411160061
4	0.24940213971050998	0.2577092511013216
5	0.2746381371932035	0.22819383259911918
6	0.31033668974197626	0.21585903083700428
7	0.32786343612334806	0.195720578980491
8	0.34821690790853804	0.1828193832599119
9	0.3734843717222572	0.17523250122369063
10	0.39037654709460884	0.16431718061674022
11	0.3976207957485491	0.1521826191429717
12	0.40433885742255793	0.14207048458149774
13	0.40778966505838765	0.13215859030836974
14	0.41430494371023013	0.12523599748269362
15	0.424479057408573	0.11953010279001444
16	0.4332162086567375	0.11426211453744493
17	0.44373120760785967	0.11039129308110884
18	0.44946332424306	0.10572687224669607
19	0.45871442556464587	0.10224901460700207
20	0.45802915880008394	0.09647577092511017
