1	0.10152786518425282	0.3832599118942731
2	0.16905111530662195	0.31938325991189426
3	0.2147437242150898	0.2731277533039649
4	0.2506642892105446	0.24118942731277532
5	0.2764526956156912	0.21321585903083712
6	0.3031780994336061	0.19456681350954472
7	0.3241276833787847	0.17872876022655765
8	0.33602195650653804	0.16244493392070486
9	0.34718201524368936	0.14929025942241778
10	0.35795049297251946	0.13832599118942743
11	0.36969792322215234	0.12975570684821805
12	0.37957835116425437	0.12261380323054333
13	0.3869204950702749	0.1152151812944762
14	0.3947031676106566	0.10918816865953433
15	0.40554506677854707	0.10484581497797336
16	0.41721907558911975	0.1013215859030837
17	0.42514859100762203	0.0974345685410726
18	0.43495559751066376	0.09422418012726382
19	0.4426648486119854	0.09065615580802222
20	0.45159779036431036	0.08788546255506617
