1	0.09187644220683862	0.3876651982378855
2	0.16217047758897968	0.3436123348017621
3	0.22061219495140214	0.31277533039647565
4	0.2548160967764493	0.2709251101321586
5	0.2910041255856234	0.24933920704845813
6	0.3208184742325711	0.23054331864904554
7	0.3414656317740017	0.2101950912523601
8	0.3556901615271659	0.19162995594713655
9	0.3724826935179358	0.17865883504650037
10	0.3889710509754563	0.1678414096916302
11	0.39852108244178724	0.15658790548658405
12	0.4151562827774281	0.1497797356828194
13	0.4298405705894692	0.1430023720772616
14	0.4394692678833647	0.13624921334172446
15	0.4507761694986364	0.13010279001468397
16	0.4580623732606109	0.12417400881057268
17	0.46715264666806505	0.1194610002591342
18	0.4642332704006712	0.11233480176211465
19	0.4706628907069435	0.108045444006492
20	0.47195301027900133	0.10330396475770934
