1	0.07294419970631423	0.2907488986784141
2	0.13809174183623515	0.27973568281938327
3	0.1815432487238655	0.24375917767988273
4	0.21136983427732323	0.21585903083700442
5	0.2349503531221594	0.1920704845814979
6	0.260340186000979	0.17841409691629947
7	0.27688273547304404	0.1642542479546884
8	0.2876984126984129	0.15088105726872247
9	0.30331270540521643	0.14194811551639713
10	0.31726802321515973	0.13436123348017628
11	0.33195231102720085	0.12735282338806586
12	0.33846234529053915	0.11930983847283406
13	0.35277952590727923	0.11453744493392047
14	0.36408642752255094	0.10950283196979232
15	0.37502622194252155	0.10513950073421417
16	0.37333752884413673	0.09829295154185022
17	0.38058177749807703	0.0943249546514639
18	0.3882176071603385	0.09104258443465488
19	0.3994563317250542	0.08856944122420579
20	0.40383015173764086	0.08524229074889877
