1	0.10629326620516046	0.42290748898678415
2	0.162465911474722	0.3237885462555066
3	0.21798300818124614	0.28928046989721007
4	0.26024753513740306	0.2599118942731278
5	0.2885322704705966	0.23171806167400888
6	0.31495000349625896	0.21145374449339202
7	0.34593385077966576	0.19886721208307112
8	0.3645199636389065	0.1844713656387665
9	0.38236661771904074	0.17278511992168358
10	0.39818893783651504	0.1621145374449341
11	0.4105289839871338	0.1521826191429717
12	0.42001083840290887	0.14280469897209988
13	0.4341811761415287	0.13588614029142632
14	0.4424410880358018	0.12869729389553186
15	0.4433221453045242	0.1204111600587369
16	0.4508478428081953	0.11481277533039648
17	0.45676351304104623	0.10961388960870666
18	0.4653538214110903	0.10523739598629468
19	0.475265715684218	0.10178530025504283
20	0.478653590657996	0.09757709251101336
