1	0.008701499118165784	0.06666666666666667
2	0.017810846560846562	0.06666666666666667
3	0.029021164021164027	0.0703703703703704
4	0.06531214927048257	0.11666666666666667
5	0.0790030262946929	0.11555555555555543
6	0.09792959355459353	0.12129629629629633
7	0.12344807198973867	0.13015873015873008
8	0.13629659692159693	0.12569444444444444
9	0.15238255571588902	0.12469135802469113
10	0.16896123937790603	0.12499999999999996
11	0.17501613355780024	0.11818181818181832
12	0.18221190075356744	0.112962962962963
13	0.19505361151194486	0.11111111111111095
14	0.2005044492544493	0.1063492063492063
15	0.20892045454545458	0.10333333333333325
16	0.2195652958152958	0.10173611111111111
17	0.2253172599005932	0.09803921568627434
18	0.233231721981722	0.09598765432098752
19	0.24334876543209885	0.09473684210526306
20	0.2541512345679013	0.09361111111111112
