1	0.016821678565099616	0.1388888888888889
2	0.029683292260046644	0.11944444444444445
3	0.04421578137586909	0.11481481481481476
4	0.08137374402725275	0.15833333333333333
5	0.10477528076212281	0.162222222222222
6	0.12137567111251314	0.15648148148148155
7	0.13393732242416445	0.14920634920634904
8	0.15271804787155657	0.1486111111111111
9	0.16009784886977857	0.13950617283950592
10	0.169341064231415	0.13277777777777777
11	0.1849693711097219	0.13080808080808096
12	0.19186311008679421	0.12407407407407409
13	0.20175460747829166	0.1200854700854699
14	0.21194881142249564	0.11706349206349209
15	0.22352088132789888	0.11444444444444432
16	0.2346853033256542	0.11284722222222222
17	0.243468372108723	0.11078431372549002
18	0.24999380655082415	0.107716049382716
19	0.2556327249748303	0.10497076023391802
20	0.2642831794586181	0.10333333333333342
