1	0.01951298701298701	0.13333333333333333
2	0.031278860028860024	0.1111111111111111
3	0.04415804874138207	0.10925925925925926
4	0.0871302308802308	0.1638888888888889
5	0.10940387771270123	0.1655555555555554
6	0.12863487819370165	0.1611111111111112
7	0.1449407119750256	0.1555555555555554
8	0.15897991351422713	0.15
9	0.17195850899282275	0.14506172839506154
10	0.184831083948731	0.14000000000000007
11	0.19465030793462168	0.1343434343434344
12	0.20681761593526302	0.13055555555555556
13	0.21656428901526942	0.12564102564102544
14	0.22860645436625826	0.12341269841269846
15	0.23706765366079088	0.1196296296296295
16	0.2478884786237727	0.11770833333333333
17	0.2606067325920267	0.11633986928104557
18	0.2693587984274258	0.11358024691358028
19	0.2725995391681666	0.10877192982456138
20	0.27923975080837826	0.10583333333333342
