1	0.019078544911878242	0.15
2	0.03327353202353203	0.125
3	0.04794751544751543	0.12222222222222216
4	0.08500319125319122	0.16111111111111112
5	0.11454035162368494	0.17555555555555527
6	0.1325961692628359	0.16944444444444445
7	0.1482314907314907	0.1626984126984125
8	0.16171660129993456	0.15486111111111112
9	0.18042537709204368	0.15370370370370345
10	0.18998873040539696	0.14555555555555566
11	0.2008107016440349	0.13989898989899002
12	0.21520851062517718	0.137037037037037
13	0.22809872226538883	0.1333333333333331
14	0.24124893624893617	0.13055555555555562
15	0.24617418075751402	0.12444444444444427
16	0.255450937950938	0.12118055555555556
17	0.2641239778739779	0.11764705882352919
18	0.2728225940725941	0.11512345679012347
19	0.28138927430594096	0.11257309941520462
20	0.291993191993192	0.11138888888888893
