1	0.020380977047643713	0.16111111111111112
2	0.03688801167967834	0.14444444444444443
3	0.04703006869673536	0.12407407407407404
4	0.09093381155881153	0.17916666666666667
5	0.11493503410170074	0.17999999999999974
6	0.13671072754406088	0.17870370370370378
7	0.15000938875938877	0.1674603174603173
8	0.16170511587178252	0.15833333333333333
9	0.17127748794415457	0.1487654320987652
10	0.18286284702951366	0.14277777777777778
11	0.1959152961236295	0.13888888888888898
12	0.20790209019375688	0.1356481481481481
13	0.21237084674584683	0.128205128205128
14	0.22354849625682963	0.12460317460317466
15	0.2311743580493581	0.11999999999999986
16	0.23844658427991766	0.11666666666666667
17	0.2443107818107819	0.11209150326797364
18	0.25099949433282776	0.10864197530864189
19	0.2596767430100764	0.10643274853801164
20	0.2676553384886719	0.10388888888888892
