1	0.014736050986050984	0.1111111111111111
2	0.028527598944265615	0.10555555555555556
3	0.047275394358727706	0.11481481481481483
4	0.07208696396196397	0.13055555555555556
5	0.09908031012197674	0.14222222222222203
6	0.11759351759351752	0.1416666666666667
7	0.1327617852372754	0.13809523809523797
8	0.14689303978519663	0.13402777777777777
9	0.1561223544066681	0.12716049382716027
10	0.17038381825146529	0.12499999999999999
11	0.18047480750912123	0.12070707070707086
12	0.1894702356467062	0.11666666666666668
13	0.2009539217137256	0.11410256410256393
14	0.20886838379485437	0.10992063492063492
15	0.21463389370252112	0.10555555555555546
16	0.22278685185547933	0.10243055555555555
17	0.2310565142918085	0.10032679738562071
18	0.23874650948180368	0.09783950617283939
19	0.24531417021613114	0.09532163742690052
20	0.24837244908323358	0.09194444444444445
