1	0.022402096360429693	0.19444444444444445
2	0.03433551787718456	0.14444444444444443
3	0.053014587990078174	0.14814814814814803
4	0.08789002573316293	0.17916666666666667
5	0.11576718941915017	0.18666666666666643
6	0.13073023019101448	0.17500000000000007
7	0.15761744020322446	0.18015873015872994
8	0.1739261926058881	0.17569444444444443
9	0.18173613729083277	0.16358024691357992
10	0.19075088797225012	0.1538888888888889
11	0.20194496111807766	0.14797979797979802
12	0.21338243737495546	0.14398148148148143
13	0.2185920734179248	0.13632478632478606
14	0.2282347918106432	0.1321428571428572
15	0.23706656189241335	0.12814814814814796
16	0.24533982865832724	0.125
17	0.25556694177759726	0.12254901960784288
18	0.2617752550692439	0.11851851851851851
19	0.26899326853725736	0.11549707602339182
20	0.27564891227623445	0.11222222222222224
