1	0.018685727852394515	0.13333333333333333
2	0.033024552607885935	0.11388888888888889
3	0.05276848151848152	0.12222222222222225
4	0.09995054328387659	0.1763888888888889
5	0.1322742381075714	0.18888888888888886
6	0.15604848854848852	0.18518518518518512
7	0.1680678889012222	0.17142857142857126
8	0.18299038924038918	0.16319444444444445
9	0.19405927405927403	0.15432098765432073
10	0.20679536512869845	0.14833333333333332
11	0.21635210468543803	0.14141414141414152
12	0.22936763853430514	0.13703703703703707
13	0.241708908375575	0.13333333333333308
14	0.2503088578088577	0.12857142857142856
15	0.25967634217634206	0.12444444444444426
16	0.2636445961445961	0.11875
17	0.2660255485255485	0.11274509803921544
18	0.2699276649276649	0.1080246913580246
19	0.2745878195878196	0.10409356725146189
20	0.2842573321739988	0.10250000000000002
