1	0.02688977144859497	0.2
2	0.0426739712433727	0.15833333333333333
3	0.06014622608404854	0.15370370370370362
4	0.1037090493069595	0.1986111111111111
5	0.12497573502539959	0.19222222222222207
6	0.14792303406660992	0.1907407407407407
7	0.1629474640665301	0.1817460317460316
8	0.17540109068682339	0.17222222222222222
9	0.184027834313567	0.1598765432098763
10	0.20132399494306097	0.1572222222222223
11	0.21442364220937493	0.15151515151515169
12	0.2268741903616774	0.14675925925925923
13	0.23911811927227306	0.14230769230769208
14	0.24446423920172633	0.134920634920635
15	0.25100596363560757	0.12925925925925905
16	0.255701592081236	0.12361111111111112
17	0.26016306141112633	0.11862745098039193
18	0.2716069053304605	0.11728395061728397
19	0.2791614081700511	0.11432748538011692
20	0.28456063856928154	0.11055555555555577
