1	0.013328924162257498	0.09444444444444444
2	0.0243231922398589	0.08611111111111111
3	0.03973515624573417	0.09629629629629635
4	0.06696999418232646	0.125
5	0.09654421568379253	0.1422222222222221
6	0.11350393261899967	0.1388888888888889
7	0.12988366399873108	0.1365079365079364
8	0.13780003717568218	0.12777777777777777
9	0.14879401176356805	0.12345679012345655
10	0.16379862135151096	0.12277777777777776
11	0.17402114574070202	0.11919191919191931
12	0.18092590764546393	0.11342592592592593
13	0.18729715985004944	0.10811965811965796
14	0.19407205162494126	0.10396825396825388
15	0.20037496167785124	0.10037037037037028
16	0.20691596696885656	0.09722222222222222
17	0.2140411874274103	0.0947712418300652
18	0.21979515568137858	0.09197530864197517
19	0.2239838682034244	0.08888888888888878
20	0.2273392473921369	0.08583333333333336
