1	0.013328924162257498	0.09444444444444444
2	0.0243231922398589	0.08611111111111111
3	0.03973515624573417	0.09629629629629635
4	0.03973515624573417	0.07222222222222222
5	0.03973515624573417	0.05777777777777777
6	0.03973515624573417	0.048148148148148176
7	0.06696999418232646	0.07142857142857142
8	0.09654421568379253	0.08888888888888889
9	0.11350393261899967	0.09259259259259246
10	0.12988366399873108	0.09555555555555549
11	0.13780003717568218	0.092929292929293
12	0.14879401176356805	0.0925925925925926
13	0.16379862135151096	0.0944444444444443
14	0.17402114574070202	0.09365079365079355
15	0.18092590764546393	0.09074074074074065
16	0.18729715985004944	0.08784722222222222
17	0.19407205162494126	0.08562091503267959
18	0.20037496167785124	0.08364197530864184
19	0.20691596696885656	0.08187134502923968
20	0.2140411874274103	0.08055555555555559
