1	0.02688977144859497	0.2
2	0.0426739712433727	0.15833333333333333
3	0.06014622608404854	0.15370370370370362
4	0.06014622608404854	0.11527777777777778
5	0.06014622608404854	0.09222222222222215
6	0.06014622608404854	0.07685185185185181
7	0.1037090493069595	0.11349206349206338
8	0.12497573502539959	0.12013888888888889
9	0.14792303406660992	0.1271604938271603
10	0.1629474640665301	0.1272222222222223
11	0.17540109068682339	0.1252525252525253
12	0.184027834313567	0.11990740740740734
13	0.20132399494306097	0.12094017094017076
14	0.21442364220937493	0.11904761904761905
15	0.2268741903616774	0.11740740740740725
16	0.23911811927227306	0.115625
17	0.24446423920172633	0.1111111111111109
18	0.25100596363560757	0.10771604938271603
19	0.255701592081236	0.10409356725146195
20	0.26016306141112633	0.10083333333333343
