1	0.014736050986050984	0.1111111111111111
2	0.028527598944265615	0.10555555555555556
3	0.047275394358727706	0.11481481481481483
4	0.047275394358727706	0.08611111111111111
5	0.047275394358727706	0.06888888888888887
6	0.047275394358727706	0.057407407407407414
7	0.07208696396196397	0.07460317460317462
8	0.09908031012197674	0.08888888888888889
9	0.11759351759351752	0.09444444444444429
10	0.1327617852372754	0.0966666666666666
11	0.14689303978519663	0.09747474747474755
12	0.1561223544066681	0.0953703703703704
13	0.17038381825146529	0.09615384615384603
14	0.18047480750912123	0.0948412698412698
15	0.1894702356467062	0.09333333333333324
16	0.2009539217137256	0.09270833333333334
17	0.20886838379485437	0.09052287581699328
18	0.21463389370252112	0.08796296296296278
19	0.22278685185547933	0.08625730994152038
20	0.2310565142918085	0.08527777777777781
