1	0.019078544911878242	0.15
2	0.03327353202353203	0.125
3	0.04794751544751543	0.12222222222222216
4	0.04794751544751543	0.09166666666666666
5	0.04794751544751543	0.07333333333333328
6	0.04794751544751543	0.06111111111111108
7	0.08500319125319122	0.09206349206349203
8	0.11454035162368494	0.10972222222222222
9	0.1325961692628359	0.11296296296296277
10	0.1482314907314907	0.11388888888888885
11	0.16171660129993456	0.11262626262626275
12	0.18042537709204368	0.11527777777777781
13	0.18998873040539696	0.11196581196581179
14	0.2008107016440349	0.10992063492063492
15	0.21520851062517718	0.1096296296296295
16	0.22809872226538883	0.10833333333333334
17	0.24124893624893617	0.10751633986928084
18	0.24617418075751402	0.10370370370370359
19	0.255450937950938	0.1020467836257309
20	0.2641239778739779	0.10000000000000012
