1	0.008701499118165784	0.06666666666666667
2	0.017810846560846562	0.06666666666666667
3	0.029021164021164027	0.0703703703703704
4	0.029021164021164027	0.05277777777777778
5	0.029021164021164027	0.04222222222222224
6	0.029021164021164027	0.0351851851851852
7	0.06531214927048257	0.06666666666666664
8	0.0790030262946929	0.07222222222222222
9	0.09792959355459353	0.0808641975308641
10	0.12344807198973867	0.09111111111111105
11	0.13629659692159693	0.09141414141414154
12	0.15238255571588902	0.09351851851851856
13	0.16896123937790603	0.09615384615384605
14	0.17501613355780024	0.09285714285714278
15	0.18221190075356744	0.09037037037037031
16	0.19505361151194486	0.09027777777777778
17	0.2005044492544493	0.08758169934640507
18	0.20892045454545458	0.08611111111111097
19	0.2195652958152958	0.08567251461988294
20	0.2253172599005932	0.08333333333333333
