1	0.018685727852394515	0.13333333333333333
2	0.033024552607885935	0.11388888888888889
3	0.05276848151848152	0.12222222222222225
4	0.05276848151848152	0.09166666666666666
5	0.05276848151848152	0.0733333333333333
6	0.05276848151848152	0.06111111111111112
7	0.09995054328387659	0.10079365079365075
8	0.1322742381075714	0.11805555555555555
9	0.15604848854848852	0.12345679012345655
10	0.1680678889012222	0.11999999999999993
11	0.18299038924038918	0.11868686868686884
12	0.19405927405927403	0.11574074074074076
13	0.20679536512869845	0.11410256410256389
14	0.21635210468543803	0.11111111111111105
15	0.22936763853430514	0.10962962962962948
16	0.241708908375575	0.10833333333333334
17	0.2503088578088577	0.10588235294117625
18	0.25967634217634206	0.10370370370370363
19	0.2636445961445961	0.09999999999999988
20	0.2660255485255485	0.09583333333333334
