1	0.022402096360429693	0.19444444444444445
2	0.03433551787718456	0.14444444444444443
3	0.053014587990078174	0.14814814814814803
4	0.053014587990078174	0.1111111111111111
5	0.053014587990078174	0.0888888888888888
6	0.053014587990078174	0.07407407407407401
7	0.08789002573316293	0.1023809523809523
8	0.11576718941915017	0.11666666666666667
9	0.13073023019101448	0.11666666666666645
10	0.15761744020322446	0.12611111111111117
11	0.1739261926058881	0.12777777777777788
12	0.18173613729083277	0.12268518518518512
13	0.19075088797225012	0.11837606837606818
14	0.20194496111807766	0.11626984126984126
15	0.21338243737495546	0.11518518518518502
16	0.2185920734179248	0.11076388888888888
17	0.2282347918106432	0.10882352941176451
18	0.23706656189241335	0.10679012345679008
19	0.24533982865832724	0.10526315789473681
20	0.25556694177759726	0.10416666666666674
