1	0.016821678565099616	0.1388888888888889
2	0.029683292260046644	0.11944444444444445
3	0.04421578137586909	0.11481481481481476
4	0.04421578137586909	0.08611111111111111
5	0.04421578137586909	0.06888888888888885
6	0.04421578137586909	0.05740740740740738
7	0.08137374402725275	0.09047619047619049
8	0.10477528076212281	0.10138888888888889
9	0.12137567111251314	0.10432098765432081
10	0.13393732242416445	0.10444444444444441
11	0.15271804787155657	0.10808080808080821
12	0.16009784886977857	0.10462962962962959
13	0.169341064231415	0.10213675213675197
14	0.1849693711097219	0.1027777777777777
15	0.19186311008679421	0.09925925925925914
16	0.20175460747829166	0.09756944444444444
17	0.21194881142249564	0.09640522875816977
18	0.22352088132789888	0.09537037037037026
19	0.2346853033256542	0.09502923976608177
20	0.243468372108723	0.09416666666666666
