1	0.01951298701298701	0.13333333333333333
2	0.031278860028860024	0.1111111111111111
3	0.04415804874138207	0.10925925925925926
4	0.04415804874138207	0.08194444444444444
5	0.04415804874138207	0.06555555555555553
6	0.04415804874138207	0.05462962962962963
7	0.0871302308802308	0.0936507936507936
8	0.10940387771270123	0.10347222222222222
9	0.12863487819370165	0.10740740740740724
10	0.1449407119750256	0.10888888888888885
11	0.15897991351422713	0.1090909090909092
12	0.17195850899282275	0.10879629629629631
13	0.184831083948731	0.10769230769230753
14	0.19465030793462168	0.10555555555555554
15	0.20681761593526302	0.10444444444444435
16	0.21656428901526942	0.10208333333333333
17	0.22860645436625826	0.10163398692810444
18	0.23706765366079088	0.09969135802469131
19	0.2478884786237727	0.09912280701754378
20	0.2606067325920267	0.098888888888889
