1	0.020380977047643713	0.16111111111111112
2	0.03688801167967834	0.14444444444444443
3	0.04703006869673536	0.12407407407407404
4	0.04703006869673536	0.09305555555555556
5	0.04703006869673536	0.07444444444444438
6	0.04703006869673536	0.06203703703703702
7	0.09093381155881153	0.10238095238095231
8	0.11493503410170074	0.1125
9	0.13671072754406088	0.11913580246913558
10	0.15000938875938877	0.11722222222222219
11	0.16170511587178252	0.11515151515151523
12	0.17127748794415457	0.1115740740740741
13	0.18286284702951366	0.10982905982905967
14	0.1959152961236295	0.1091269841269841
15	0.20790209019375688	0.1085185185185184
16	0.21237084674584683	0.10416666666666667
17	0.22354849625682963	0.10261437908496714
18	0.2311743580493581	0.09999999999999992
19	0.23844658427991766	0.09824561403508761
20	0.2443107818107819	0.09527777777777781
