1	0.08218478972344945	0.3427835051546392
2	0.1335757241040747	0.2770618556701031
3	0.16810260186548853	0.23797250859106497
4	0.193566928489609	0.20747422680412372
5	0.21576562755686485	0.18556701030927863
6	0.2346107429225988	0.16838487972508578
7	0.25263357061037484	0.1561119293078059
8	0.2711166339387991	0.14626288659793815
9	0.27730526918671267	0.13316151202749157
10	0.28884491081656044	0.12551546391752616
11	0.29559503354606464	0.11691658856607323
12	0.3029178939617085	0.10975085910652918
13	0.308941867124857	0.10368754956383827
14	0.3170634920634923	0.09922680412371145
15	0.3172117902143678	0.09209621993127143
16	0.3203720749468174	0.08730670103092783
17	0.3009163802978238	0.07731958762886577
18	0.29019902634593375	0.07116265750286374
19	0.26627904598265434	0.061313076505697214
20	0.2383100147275406	0.05244845360824753
