1	0.07722754050073627	0.3427835051546392
2	0.12647889052528233	0.2770618556701031
3	0.1588907298314516	0.2310996563573881
4	0.18207126493208978	0.19974226804123713
5	0.20104524627720516	0.17731958762886638
6	0.219026141384389	0.16151202749140878
7	0.23181864670266755	0.14653902798232732
8	0.24401386843397183	0.13595360824742267
9	0.25787718867615805	0.12800687285223386
10	0.27289314351170035	0.12164948453608279
11	0.282887416134839	0.115042174320525
12	0.29358942889870754	0.1095360824742268
13	0.29436262477499614	0.1019032513877875
14	0.2992840778923255	0.09664948453608264
15	0.3056424889543448	0.09261168384879719
16	0.3038823433153331	0.0858569587628866
17	0.3005011454753723	0.07989690721649463
18	0.2940363688430699	0.0738831615120276
19	0.284844951726395	0.06768855127509499
20	0.2673754295532646	0.060695876288659904
