1	0.08605588283423328	0.3556701030927835
2	0.14667403043691707	0.30283505154639173
3	0.18593315333006055	0.25859106529209597
4	0.21367411225658667	0.22293814432989692
5	0.2327953690067094	0.19432989690721714
6	0.2466678939617086	0.17268041237113377
7	0.2628313696612666	0.15832106038291652
8	0.2786921125838651	0.14658505154639176
9	0.2909159711994764	0.13602520045819044
10	0.30065046637211584	0.12706185567010342
11	0.30748036327933237	0.11808809746954105
12	0.3121768123056783	0.11039518900343646
13	0.3180647602683685	0.10388580491673283
14	0.3180678285059728	0.09683357879234183
15	0.3210532236949763	0.09140893470790373
16	0.3200857061037473	0.0858569587628866
17	0.32099799541809837	0.08110976349302586
18	0.306567051219113	0.07345360824742284
19	0.29744006709212895	0.06728160607704836
20	0.28007179675994115	0.060567010309278455
