1	0.07801710031091467	0.3118556701030928
2	0.12251063655702839	0.24871134020618557
3	0.16328137784323365	0.22250859106529194
4	0.18934298805432845	0.19458762886597938
5	0.21042178039600745	0.17474226804123755
6	0.22951849124529564	0.15936426116838462
7	0.24121256750122758	0.14432989690721687
8	0.25515463917525794	0.13402061855670103
9	0.26450049091801686	0.12342497136311587
10	0.2787432498772706	0.11701030927835097
11	0.2874877270495828	0.10965323336457376
12	0.298705203730977	0.1043814432989691
13	0.30680228276877763	0.09912767644726408
14	0.31339081165112104	0.09351988217967619
15	0.3079784405171005	0.08573883161512016
16	0.30399791359842926	0.07941365979381443
17	0.3058020373097694	0.07504548211036972
18	0.29590083456062855	0.06901489117983975
19	0.28738340697103604	0.0630765056972328
20	0.26868352151857317	0.05657216494845372
