1	0.080666012109311	0.34536082474226804
2	0.14415500736377027	0.30927835051546393
3	0.18742329405989216	0.2689003436426114
4	0.22207596956308298	0.23840206185567012
5	0.2426607756504664	0.20927835051546448
6	0.25770127638684354	0.18599656357388306
7	0.2709417443953528	0.16826215022091348
8	0.282840369824906	0.15367268041237114
9	0.2957146948126331	0.1431844215349373
10	0.30298437244313536	0.13247422680412405
11	0.31229442808051067	0.12394564198687938
12	0.312834437898871	0.1142611683848798
13	0.3190721649484537	0.10804916732751799
14	0.3147766323024056	0.0997790868924891
15	0.3194935362461136	0.09450171821305843
16	0.3056864670266733	0.08456829896907217
17	0.3039927998690886	0.07929047907822902
18	0.2930637375225005	0.07288087056128308
19	0.2782267632138767	0.0656538252848617
20	0.26274341351660946	0.059149484536082556
