1	0.07078219603992793	0.30927835051546393
2	0.12291359842906248	0.27319587628865977
3	0.15686160202912805	0.2336769759450169
4	0.1862082719685814	0.20682989690721648
5	0.20693012600229108	0.1860824742268045
6	0.21881238749795462	0.16494845360824723
7	0.23147091310751125	0.1502209131075113
8	0.24541196203567361	0.13917525773195877
9	0.25903493699885477	0.1308705612829326
10	0.275746604483718	0.1255154639175261
11	0.28272173130420564	0.11691658856607333
12	0.29269963999345455	0.11060996563573883
13	0.3008703567337589	0.10527359238699456
14	0.30040398461790224	0.09756995581737868
15	0.30675932744231726	0.093127147766323
16	0.3048917934871544	0.08682345360824742
17	0.3014891179839634	0.08095815645845945
18	0.290145843560792	0.07388316151202762
19	0.2844757404680084	0.06918068366793279
20	0.26519493536246114	0.0625000000000001
