1	0.07808460153820974	0.3479381443298969
2	0.1340799378170512	0.29510309278350516
3	0.1694076255931927	0.24828178694158048
4	0.20259368352151866	0.22100515463917525
5	0.22478010963835715	0.19639175257732014
6	0.2428274832269678	0.176975945017182
7	0.2591484617902143	0.16347569955817412
8	0.271040950744559	0.15012886597938144
9	0.27953792341678935	0.13774341351660965
10	0.29231201930944195	0.1301546391752581
11	0.3016363933889706	0.12207122774133117
12	0.3158280150548191	0.11726804123711353
13	0.32610149729995086	0.1114195083267249
14	0.33223797250859105	0.10511782032400613
15	0.3274770904925544	0.09742268041237107
16	0.3243444198985436	0.09085051546391752
17	0.31251022745868107	0.08323226197695552
18	0.30504213712976597	0.07674684994272638
19	0.2865805514645721	0.06836679327183943
20	0.2634491081656031	0.058891752577319705
