1	0.09646641302569141	0.41237113402061853
2	0.1472498363606613	0.3170103092783505
3	0.19041993945344474	0.2774914089347074
4	0.2073105874652267	0.22938144329896906
5	0.22898564064801186	0.203608247422681
6	0.24224042709867463	0.17955326460481097
7	0.2595933562428408	0.1656848306332846
8	0.2701757077401407	0.15141752577319587
9	0.28591269841269845	0.1423253150057276
10	0.3024995909016528	0.13479381443299004
11	0.31487686139748	0.12746016869728244
12	0.32165562101129114	0.1200601374570448
13	0.32609229258713796	0.11221252973830312
14	0.3293886025200457	0.10530191458026512
15	0.32995929471444935	0.09828178694158077
16	0.3243658975617738	0.09101159793814433
17	0.31280477826869574	0.08247422680412349
18	0.31079201440026183	0.07760595647193594
19	0.29361602029127803	0.06904503526858387
20	0.2718990345279005	0.0597938144329898
