1	0.07951746849942719	0.36082474226804123
2	0.1344593765341188	0.30670103092783507
3	0.17552160039273457	0.26632302405498254
4	0.213976845033546	0.24484536082474226
5	0.24079017345769926	0.2221649484536088
6	0.2569147848142695	0.19802405498281786
7	0.27496624938635267	0.18262150220913131
8	0.2848204058255607	0.16527061855670103
9	0.29640709376534136	0.15320733104238277
10	0.30746093110783845	0.14226804123711378
11	0.31829794632629704	0.13378631677600772
12	0.32752822778595997	0.1265034364261169
13	0.3321142202585505	0.11796193497224437
14	0.33922332678776	0.11174521354933731
15	0.33852990508918357	0.10395189003436432
16	0.31271375388643446	0.08923969072164949
17	0.3121941989854363	0.08383869011522113
18	0.30567317133038807	0.07789232531500581
19	0.2908474472263135	0.0699945740640261
20	0.28263684339715284	0.06443298969072181
