1	0.0754980772377679	0.3247422680412371
2	0.1342619865815743	0.28994845360824745
3	0.17367554410080194	0.2508591065292091
4	0.19736336115202113	0.21456185567010308
5	0.22158914252986422	0.19329896907216557
6	0.2439709131075112	0.17783505154639165
7	0.26386127475045007	0.16531664212076622
8	0.27678264604811	0.15238402061855671
9	0.28633202421862214	0.14089347079037834
10	0.2983267877597775	0.13273195876288701
11	0.3033627884143349	0.12324273664479875
12	0.31004847815414843	0.115979381443299
13	0.3147981099656359	0.10844567803330704
14	0.3163547291768943	0.10106774668630357
15	0.32207801505481937	0.09536082474226806
16	0.32423600883652454	0.0900451030927835
17	0.32089572083128803	0.08353547604608837
18	0.31407605138275246	0.07703321878579625
19	0.3059697676321389	0.07080846446011943
20	0.2810924971363117	0.06185567010309291
